1 0.616667 0.239651 0.056522 0.037037
1 0.709420 0.217320 0.047826 0.029412
1 0.548551 0.212963 0.068116 0.051198
1 0.773188 0.293573 0.062319 0.049020
1 0.605072 0.303377 0.102899 0.064270
1 0.474638 0.264161 0.068116 0.059913
1 0.582609 0.370370 0.089855 0.074074
1 0.689130 0.372004 0.123188 0.064270
1 0.652899 0.459150 0.059420 0.033769
1 0.615217 0.522331 0.047826 0.031590
1 0.451449 0.477669 0.068116 0.049020
1 0.438406 0.778322 0.076812 0.038126
1 0.702174 0.707516 0.091304 0.046841
1 0.699275 0.763072 0.073913 0.055556
1 0.606522 0.734749 0.059420 0.049020
1 0.833333 0.686275 0.063768 0.047930
1 0.753623 0.217320 0.028986 0.046841
1 0.578261 0.444989 0.060870 0.049020
1 0.567391 0.516885 0.059420 0.059913
1 0.519565 0.584423 0.068116 0.040305
1 0.616667 0.656318 0.039130 0.029412
1 0.497101 0.622549 0.057971 0.059913
1 0.522464 0.722767 0.097101 0.055556
1 0.417391 0.684096 0.095652 0.084967
1 0.255072 0.709695 0.057971 0.059913
1 0.229710 0.636710 0.068116 0.055556
1 0.799275 0.602941 0.044928 0.059913
1 0.716667 0.556645 0.050725 0.050109
1 0.796377 0.498911 0.073913 0.054466
1 0.938406 0.421024 0.079710 0.059913
1 0.492029 0.887255 0.091304 0.051198
1 0.287681 0.828431 0.082609 0.053377
1 0.328986 0.557190 0.057971 0.040305
1 0.295652 0.465686 0.101449 0.046841
1 0.337681 0.327342 0.069565 0.027233
1 0.278261 0.349673 0.060870 0.052288
1 0.200000 0.495098 0.046377 0.057734
1 0.215942 0.590959 0.052174 0.033769
1 0.200725 0.382353 0.047826 0.043573
1 0.217391 0.327887 0.046377 0.065359
1 0.429710 0.625817 0.047826 0.033769
1 0.494203 0.786492 0.046377 0.032680
1 0.470290 0.828431 0.062319 0.038126
1 0.362319 0.740196 0.057971 0.044662
1 0.568116 0.803922 0.066667 0.041394
1 0.607971 0.900871 0.059420 0.037037
1 0.684058 0.859477 0.081159 0.045752
1 0.731159 0.642157 0.056522 0.035948
1 0.902174 0.571351 0.059420 0.044662
1 0.718841 0.441176 0.057971 0.037037
1 0.694203 0.285403 0.057971 0.045752
1 0.868841 0.333878 0.068116 0.035948
1 0.298551 0.595861 0.060870 0.034858
1 0.437681 0.897603 0.063768 0.032680
1 0.702899 0.920479 0.072464 0.039216
1 0.755072 0.821895 0.052174 0.042484
1 0.779710 0.678105 0.049275 0.040305
1 0.247101 0.517974 0.068116 0.040305
1 0.889130 0.468410 0.062319 0.045752
1 0.868116 0.514161 0.057971 0.052288
1 0.255072 0.777233 0.066667 0.051198
1 0.363043 0.796841 0.062319 0.035948
1 0.310145 0.503268 0.040580 0.030501
1 0.668116 0.512527 0.063768 0.042484
