2 0.170630 0.503762 0.059126 0.042245
2 0.084190 0.510417 0.044344 0.037616
2 0.219794 0.653356 0.044344 0.066551
2 0.150868 0.709925 0.054306 0.037905
2 0.234576 0.717593 0.083548 0.066551
2 0.346562 0.619068 0.036954 0.051215
2 0.287436 0.683304 0.051735 0.046586
2 0.397012 0.713252 0.103149 0.053241
2 0.379820 0.878472 0.083548 0.059606
2 0.501607 0.244213 0.026992 0.050926
2 0.302217 0.259838 0.061375 0.068866
2 0.480720 0.190104 0.068766 0.066551
2 0.535026 0.146846 0.029563 0.033275
2 0.659383 0.197772 0.041774 0.037905
2 0.689910 0.224392 0.044344 0.041956
2 0.724614 0.295284 0.044344 0.046586
2 0.642031 0.263166 0.066195 0.066262
2 0.589010 0.208767 0.044344 0.046586
2 0.266067 0.857060 0.050771 0.027778
2 0.447301 0.105324 0.043059 0.038773
2 0.337082 0.754919 0.073265 0.046875
