1 0.610465 0.220513 0.042636 0.082051
1 0.581395 0.082051 0.054264 0.061538
1 0.486434 0.115385 0.058140 0.056410
1 0.505814 0.041026 0.050388 0.041026
1 0.523256 0.356410 0.046512 0.056410
1 0.490310 0.371795 0.042636 0.056410
1 0.449612 0.274359 0.046512 0.056410
1 0.645349 0.338462 0.050388 0.061538
1 0.565891 0.420513 0.062016 0.051282
1 0.560078 0.466667 0.058140 0.061538
1 0.624031 0.451282 0.054264 0.071795
1 0.666667 0.451282 0.038760 0.061538
1 0.585271 0.605128 0.054264 0.082051
1 0.461240 0.507692 0.054264 0.082051
1 0.451550 0.415385 0.065891 0.071795
1 0.395349 0.453846 0.062016 0.046154
1 0.306202 0.458974 0.054264 0.056410
1 0.259690 0.433333 0.054264 0.076923
1 0.218992 0.433333 0.050388 0.066667
1 0.337209 0.700000 0.062016 0.066667
1 0.343023 0.756410 0.058140 0.056410
1 0.153101 0.730769 0.050388 0.076923
1 0.401163 0.605128 0.042636 0.071795
1 0.465116 0.617949 0.046512 0.087179
1 0.515504 0.582051 0.054264 0.056410
1 0.453488 0.687179 0.054264 0.071795
1 0.428295 0.748718 0.058140 0.071795
1 0.405039 0.805128 0.050388 0.061538
1 0.300388 0.835897 0.050388 0.061538
1 0.344961 0.907692 0.038760 0.041026
1 0.296512 0.933333 0.058140 0.102564
1 0.408915 0.925641 0.065891 0.056410
1 0.486434 0.741026 0.042636 0.046154
1 0.571705 0.710256 0.058140 0.046154
1 0.500000 0.851282 0.054264 0.041026
1 0.532946 0.820513 0.058140 0.041026
1 0.660853 0.597436 0.081395 0.107692
1 0.360465 0.343590 0.069767 0.071795
1 0.377907 0.387179 0.042636 0.046154
1 0.482558 0.817949 0.058140 0.056410
1 0.585271 0.776923 0.046512 0.056410
1 0.624031 0.805128 0.038760 0.030769
1 0.515504 0.238462 0.054264 0.066667
1 0.585271 0.312821 0.046512 0.051282
1 0.567829 0.164103 0.050388 0.061538
1 0.401163 0.497436 0.050388 0.051282
1 0.269380 0.692308 0.050388 0.061538
1 0.290698 0.638462 0.046512 0.046154
1 0.536822 0.761538 0.050388 0.066667
1 0.496124 0.917949 0.038760 0.051282
1 0.536822 0.900000 0.050388 0.046154
1 0.259690 0.961538 0.054264 0.056410
1 0.581395 0.535897 0.054264 0.066667
1 0.715116 0.425641 0.042636 0.051282
1 0.670543 0.394872 0.062016 0.071795
1 0.577519 0.251282 0.046512 0.061538
1 0.488372 0.328205 0.046512 0.051282
1 0.507752 0.689744 0.046512 0.056410
1 0.211240 0.938462 0.042636 0.041026
1 0.201550 0.974359 0.046512 0.041026
1 0.166667 0.976923 0.023256 0.035897
1 0.137597 0.971795 0.027132 0.046154
1 0.414729 0.971795 0.046512 0.046154
1 0.529070 0.651282 0.042636 0.051282
