1 0.677205 0.175000 0.023295 0.025000
1 0.658902 0.201875 0.046589 0.028750
1 0.693012 0.216250 0.031614 0.012500
1 0.720466 0.238125 0.026622 0.013750
1 0.566556 0.179375 0.068220 0.033750
1 0.632280 0.661875 0.029950 0.021250
1 0.510815 0.685000 0.056572 0.055000
1 0.300333 0.696250 0.044925 0.025000
1 0.395175 0.695000 0.038270 0.035000
1 0.475042 0.588125 0.068220 0.048750
1 0.279534 0.574375 0.056572 0.041250
1 0.323627 0.593125 0.038270 0.018750
1 0.284526 0.641875 0.046589 0.031250
1 0.405990 0.495625 0.053245 0.031250
1 0.410982 0.520000 0.059900 0.035000
1 0.219634 0.411250 0.053245 0.017500
1 0.504160 0.195000 0.043261 0.025000
1 0.584027 0.210000 0.039933 0.020000
1 0.562396 0.253125 0.053245 0.028750
1 0.564892 0.296250 0.034942 0.040000
1 0.621464 0.281250 0.041597 0.042500
1 0.410150 0.250625 0.038270 0.028750
1 0.470050 0.216875 0.064892 0.033750
1 0.509151 0.255000 0.029950 0.020000
1 0.445092 0.293750 0.074875 0.035000
1 0.502496 0.390625 0.059900 0.051250
1 0.519135 0.325000 0.079867 0.022500
1 0.396839 0.331250 0.048253 0.040000
1 0.431780 0.376875 0.041597 0.038750
1 0.455907 0.336875 0.059900 0.028750
1 0.288686 0.338750 0.038270 0.037500
1 0.326123 0.390000 0.059900 0.055000
1 0.359401 0.360000 0.073211 0.035000
1 0.347754 0.438750 0.049917 0.037500
1 0.320300 0.474375 0.071547 0.033750
1 0.256240 0.432500 0.086522 0.060000
1 0.188852 0.495000 0.068220 0.057500
1 0.124792 0.566250 0.069884 0.035000
1 0.488353 0.526250 0.064892 0.045000
1 0.415973 0.578750 0.056572 0.050000
1 0.331947 0.653750 0.041597 0.037500
1 0.170549 0.618750 0.074875 0.055000
1 0.220466 0.627500 0.068220 0.047500
1 0.128120 0.653125 0.076539 0.071250
1 0.040765 0.620625 0.068220 0.033750
1 0.044925 0.671875 0.046589 0.046250
1 0.061564 0.718125 0.049917 0.028750
1 0.085691 0.673125 0.044925 0.031250
1 0.181364 0.696250 0.059900 0.042500
1 0.240433 0.699375 0.064892 0.043750
1 0.164725 0.723125 0.056572 0.033750
1 0.271215 0.838750 0.056572 0.040000
1 0.310316 0.832500 0.038270 0.035000
1 0.349418 0.801250 0.069884 0.040000
1 0.418469 0.844375 0.068220 0.051250
1 0.383527 0.883750 0.084859 0.040000
1 0.330283 0.906875 0.091514 0.051250
1 0.494176 0.926250 0.083195 0.060000
1 0.490017 0.791875 0.068220 0.033750
1 0.545757 0.819375 0.079867 0.043750
