1 0.216667 0.205797 0.024638 0.037681
1 0.180435 0.210145 0.036232 0.028986
1 0.191304 0.171014 0.040580 0.046377
1 0.273913 0.244203 0.034783 0.050725
1 0.210870 0.315942 0.024638 0.034783
1 0.289130 0.360145 0.036232 0.039130
1 0.234058 0.357246 0.044928 0.042029
1 0.290580 0.271014 0.033333 0.026087
1 0.164493 0.558696 0.033333 0.050725
1 0.275362 0.182609 0.037681 0.034783
1 0.319565 0.231159 0.024638 0.030435
1 0.373188 0.350725 0.053623 0.028986
1 0.386957 0.389855 0.026087 0.037681
1 0.242754 0.445652 0.036232 0.033333
1 0.295652 0.489855 0.031884 0.028986
1 0.295652 0.439855 0.031884 0.056522
1 0.336957 0.450725 0.033333 0.034783
1 0.336232 0.499275 0.066667 0.033333
1 0.342754 0.541304 0.030435 0.033333
1 0.364493 0.562319 0.030435 0.037681
1 0.319565 0.561594 0.033333 0.039130
1 0.268116 0.576087 0.037681 0.042029
1 0.198551 0.475362 0.031884 0.040580
1 0.174638 0.507246 0.042029 0.037681
1 0.232609 0.616667 0.027536 0.033333
1 0.273913 0.636232 0.026087 0.055072
1 0.215942 0.652174 0.026087 0.046377
1 0.254348 0.686232 0.033333 0.030435
1 0.173913 0.694928 0.060870 0.044928
1 0.217391 0.712319 0.055072 0.053623
1 0.117391 0.726812 0.055072 0.059420
