2 0.382230 0.247541 0.054306 0.044271
2 0.640746 0.258681 0.083548 0.053241
2 0.674004 0.329716 0.061375 0.048900
2 0.747911 0.344184 0.042095 0.033275
2 0.765103 0.552517 0.041774 0.055266
2 0.718348 0.623409 0.056877 0.033275
2 0.686375 0.646846 0.061697 0.044271
2 0.731844 0.708912 0.069087 0.053241
2 0.685251 0.728877 0.049165 0.039931
2 0.692481 0.770833 0.049486 0.039931
2 0.628535 0.666667 0.059126 0.039931
2 0.581780 0.657841 0.063946 0.052951
2 0.563143 0.695457 0.051735 0.030961
2 0.595276 0.736545 0.042095 0.041956
2 0.614878 0.776476 0.051735 0.037905
2 0.601542 0.858507 0.044344 0.037616
2 0.694891 0.876302 0.049165 0.046586
2 0.816838 0.800926 0.056555 0.050926
2 0.557037 0.727720 0.069087 0.050926
2 0.505463 0.707031 0.039846 0.032697
2 0.490681 0.828270 0.056555 0.037905
