1 0.354447 0.146119 0.056604 0.073059
1 0.481132 0.079909 0.061995 0.077626
1 0.638814 0.191781 0.053908 0.073059
1 0.553908 0.248858 0.040431 0.059361
1 0.580863 0.388128 0.045822 0.100457
1 0.525606 0.399543 0.070081 0.086758
1 0.464960 0.374429 0.051213 0.054795
1 0.380054 0.353881 0.037736 0.050228
1 0.339623 0.431507 0.037736 0.086758
1 0.289757 0.602740 0.051213 0.063927
1 0.473046 0.792237 0.040431 0.095890
1 0.509434 0.744292 0.053908 0.118721
1 0.450135 0.287671 0.059299 0.063927
1 0.495957 0.570776 0.059299 0.082192
1 0.342318 0.034247 0.043127 0.059361
1 0.420485 0.036530 0.048518 0.063927
1 0.386792 0.091324 0.040431 0.063927
1 0.435310 0.118721 0.040431 0.073059
1 0.525606 0.168950 0.048518 0.073059
1 0.459569 0.191781 0.067385 0.073059
1 0.396226 0.221461 0.048518 0.086758
1 0.365229 0.264840 0.051213 0.091324
1 0.312668 0.269406 0.070081 0.100457
1 0.256065 0.431507 0.064690 0.086758
1 0.311321 0.383562 0.061995 0.091324
1 0.633423 0.262557 0.080863 0.095890
1 0.572776 0.173516 0.094340 0.136986
1 0.632075 0.045662 0.051213 0.082192
1 0.749326 0.216895 0.059299 0.095890
1 0.345013 0.511416 0.043127 0.073059
1 0.438005 0.641553 0.067385 0.077626
1 0.413747 0.700913 0.040431 0.068493
1 0.382749 0.716895 0.075472 0.100457
1 0.340970 0.719178 0.061995 0.095890
1 0.239892 0.707763 0.048518 0.073059
1 0.176550 0.773973 0.056604 0.059361
1 0.284367 0.894977 0.051213 0.054795
1 0.374663 0.858447 0.053908 0.127854
1 0.424528 0.812785 0.040431 0.082192
1 0.466307 0.947489 0.053908 0.086758
1 0.092992 0.440639 0.040431 0.068493
1 0.132075 0.472603 0.043127 0.077626
1 0.230458 0.278539 0.051213 0.073059
1 0.274933 0.047945 0.026954 0.050228
1 0.266846 0.155251 0.043127 0.063927
1 0.172507 0.470320 0.032345 0.063927
1 0.252022 0.525114 0.051213 0.073059
1 0.146900 0.691781 0.040431 0.050228
1 0.324798 0.808219 0.040431 0.063927
1 0.296496 0.789954 0.026954 0.054795
1 0.626685 0.474886 0.029650 0.063927
1 0.518868 0.018265 0.056604 0.036530
1 0.633423 0.881279 0.043127 0.063927
1 0.570081 0.968037 0.045822 0.054795
1 0.092992 0.810502 0.035040 0.059361
1 0.175202 0.883562 0.032345 0.059361
1 0.262803 0.947489 0.045822 0.059361
1 0.369272 0.972603 0.037736 0.045662
1 0.524259 0.328767 0.040431 0.063927
