1 0.617063 0.016598 0.075397 0.027663
1 0.166667 0.336791 0.063492 0.051176
1 0.036706 0.454357 0.053571 0.029046
1 0.065476 0.484094 0.059524 0.030429
1 0.052579 0.404564 0.073413 0.040111
1 0.683532 0.560166 0.073413 0.066390
1 0.089286 0.600968 0.095238 0.045643
1 0.146825 0.582988 0.083333 0.029046
1 0.954365 0.300830 0.083333 0.062241
1 0.566468 0.347856 0.077381 0.073306
1 0.498016 0.339557 0.123016 0.073306
1 0.403770 0.479253 0.121032 0.073306
1 0.242063 0.479253 0.103175 0.051176
1 0.229167 0.538036 0.069444 0.066390
1 0.189484 0.630705 0.085317 0.038728
1 0.167659 0.726141 0.105159 0.071923
1 0.275794 0.714385 0.099206 0.073306
1 0.301587 0.642462 0.111111 0.073306
1 0.058532 0.789073 0.089286 0.065007
1 0.186508 0.798755 0.119048 0.062241
1 0.250000 0.845781 0.111111 0.053942
1 0.305556 0.885892 0.095238 0.056708
1 0.385913 0.847856 0.101190 0.058091
1 0.349206 0.795989 0.067460 0.042877
1 0.397817 0.759336 0.089286 0.044260
1 0.492063 0.781466 0.055556 0.049793
1 0.474206 0.834716 0.107143 0.067773
1 0.489087 0.671508 0.073413 0.067773
1 0.418651 0.710235 0.091270 0.048409
1 0.490079 0.605809 0.075397 0.055325
1 0.411706 0.609959 0.105159 0.069156
1 0.583333 0.630014 0.063492 0.037344
1 0.558532 0.665975 0.093254 0.048409
1 0.547619 0.719917 0.107143 0.062241
1 0.663690 0.732365 0.093254 0.048409
1 0.617063 0.784232 0.107143 0.044260
1 0.711310 0.432227 0.073413 0.073306
1 0.666667 0.686030 0.087302 0.052559
1 0.789683 0.466113 0.051587 0.066390
1 0.851190 0.467497 0.087302 0.055325
1 0.838294 0.371369 0.065476 0.056708
1 0.887897 0.359613 0.077381 0.055325
1 0.829365 0.283541 0.091270 0.041494
1 0.921627 0.459889 0.041667 0.048409
1 0.958333 0.447441 0.063492 0.037344
1 0.886905 0.524896 0.079365 0.073306
1 0.945437 0.514523 0.049603 0.041494
1 0.967262 0.543568 0.057540 0.033195
1 0.790675 0.581604 0.073413 0.053942
1 0.855159 0.607884 0.063492 0.029046
1 0.781746 0.636238 0.099206 0.060858
1 0.750992 0.667358 0.057540 0.037344
1 0.801587 0.697095 0.095238 0.044260
