3 0.575625 0.265230 0.038750 0.048735
3 0.603125 0.211809 0.041250 0.039363
3 0.658125 0.217432 0.043750 0.037488
3 0.664375 0.425023 0.043750 0.017807
3 0.695000 0.441425 0.030000 0.024367
3 0.705625 0.470009 0.043750 0.032802
3 0.775625 0.516401 0.041250 0.046860
3 0.671875 0.514527 0.071250 0.046860
3 0.655625 0.567479 0.038750 0.029053
3 0.575625 0.519213 0.038750 0.037488
3 0.652500 0.676664 0.080000 0.059981
3 0.546250 0.630740 0.062500 0.048735
3 0.528125 0.669634 0.061250 0.032802
3 0.606875 0.550141 0.041250 0.033739
3 0.513750 0.491097 0.032500 0.039363
