1 0.267213 0.747059 0.075410 0.052941
1 0.122951 0.395588 0.036066 0.050000
1 0.186885 0.448529 0.039344 0.050000
1 0.255738 0.376471 0.059016 0.047059
1 0.254098 0.426471 0.049180 0.058824
1 0.263934 0.480882 0.036066 0.050000
1 0.313115 0.423529 0.068852 0.058824
1 0.322951 0.479412 0.036066 0.047059
1 0.373770 0.495588 0.059016 0.067647
1 0.250820 0.547059 0.075410 0.052941
1 0.349180 0.585294 0.062295 0.047059
1 0.480328 0.563235 0.081967 0.055882
1 0.442623 0.297059 0.072131 0.047059
1 0.606557 0.216176 0.085246 0.044118
1 0.722951 0.304412 0.055738 0.055882
1 0.509836 0.416176 0.068852 0.044118
1 0.600000 0.413235 0.052459 0.038235
1 0.395082 0.416176 0.042623 0.044118
1 0.440984 0.476471 0.036066 0.035294
1 0.144262 0.610294 0.059016 0.055882
1 0.150820 0.669118 0.045902 0.055882
1 0.173770 0.720588 0.059016 0.052941
1 0.085246 0.786765 0.065574 0.067647
1 0.170492 0.873529 0.072131 0.064706
1 0.229508 0.805882 0.045902 0.058824
1 0.465574 0.177941 0.032787 0.050000
1 0.426230 0.185294 0.045902 0.052941
1 0.355738 0.250000 0.081967 0.082353
1 0.509836 0.188235 0.049180 0.076471
1 0.563934 0.167647 0.085246 0.052941
1 0.783607 0.158824 0.065574 0.070588
1 0.662295 0.280882 0.111475 0.073529
1 0.504918 0.272059 0.078689 0.055882
1 0.383607 0.338235 0.059016 0.041176
1 0.318033 0.325000 0.065574 0.044118
1 0.347541 0.364706 0.065574 0.047059
