2 0.720277 0.333793 0.023616 0.043199
2 0.716918 0.410080 0.037256 0.043199
2 0.515574 0.641850 0.040513 0.048407
2 0.566368 0.686428 0.043974 0.060968
2 0.619605 0.669730 0.028705 0.048407
2 0.598432 0.746170 0.030334 0.043199
2 0.604336 0.779412 0.025448 0.048407
2 0.645053 0.774203 0.028705 0.058824
2 0.663579 0.868566 0.025448 0.048407
2 0.646682 0.837929 0.028705 0.048407
2 0.583265 0.814951 0.030537 0.037990
2 0.536747 0.855699 0.025448 0.058824
2 0.683123 0.653339 0.027077 0.040748
2 0.420806 0.748775 0.033795 0.063725
2 0.615432 0.869638 0.033795 0.060968
2 0.681800 0.500306 0.026059 0.039216
2 0.504682 0.531556 0.061075 0.109069
2 0.388640 0.625919 0.021173 0.040441
2 0.511604 0.841605 0.027687 0.050245
2 0.491246 0.785846 0.037459 0.071078
2 0.562500 0.760110 0.036645 0.056373
