2 0.277474 0.497106 0.022172 0.037616
2 0.549647 0.841869 0.049165 0.030961
2 0.536150 0.923900 0.027314 0.053241
2 0.587886 0.887297 0.036954 0.024595
2 0.651832 0.881800 0.051735 0.044271
2 0.703567 0.845197 0.051735 0.037616
2 0.827924 0.828559 0.024743 0.035590
2 0.783740 0.810909 0.059126 0.044271
2 0.794826 0.765480 0.036954 0.019965
2 0.855077 0.733218 0.068766 0.057870
2 0.867449 0.414062 0.034383 0.039931
2 0.866163 0.361834 0.031812 0.037905
2 0.516388 0.540365 0.041774 0.048900
2 0.565713 0.527054 0.051735 0.022280
2 0.563303 0.573495 0.041774 0.053241
2 0.533580 0.615741 0.036954 0.053241
2 0.772654 0.647859 0.036954 0.019676
2 0.574389 0.714265 0.039524 0.019965
2 0.683965 0.712095 0.036954 0.028935
2 0.656812 0.758681 0.036632 0.024306
