2 0.821819 0.391782 0.027314 0.021991
2 0.756587 0.597946 0.039524 0.048900
2 0.797237 0.674479 0.032134 0.042245
2 0.755302 0.678819 0.022172 0.015625
2 0.767513 0.693287 0.022172 0.017940
2 0.762693 0.708767 0.036954 0.017650
2 0.752731 0.726562 0.066517 0.026620
2 0.758997 0.749855 0.039203 0.019965
2 0.692481 0.738715 0.039203 0.037616
2 0.655527 0.760995 0.039203 0.028935
2 0.654242 0.780816 0.041774 0.019965
2 0.714653 0.786458 0.044344 0.026620
2 0.718348 0.814091 0.046594 0.033275
2 0.709672 0.838542 0.034383 0.028935
2 0.686215 0.861834 0.036954 0.035590
2 0.681395 0.903935 0.022172 0.017940
2 0.642031 0.888455 0.026992 0.022280
2 0.707262 0.893953 0.034704 0.028646
2 0.749036 0.854167 0.029563 0.024306
2 0.751607 0.883970 0.044344 0.035301
2 0.808162 0.865162 0.044344 0.037616
2 0.831620 0.838542 0.041774 0.032986
2 0.819409 0.800926 0.032134 0.024306
2 0.761407 0.772135 0.049165 0.033275
2 0.810733 0.777633 0.049486 0.035590
2 0.331780 0.552517 0.042095 0.033275
2 0.810733 0.368490 0.039203 0.028646
2 0.839010 0.347367 0.041774 0.035590
2 0.799647 0.306424 0.046594 0.042245
2 0.704852 0.142216 0.034383 0.046586
2 0.725739 0.110098 0.042095 0.030961
2 0.560893 0.176794 0.051735 0.026620
