1 0.476562 0.500463 0.030208 0.054630
1 0.372396 0.370833 0.035417 0.041667
1 0.449479 0.291204 0.030208 0.069444
1 0.400260 0.339352 0.050521 0.075000
1 0.442708 0.450926 0.040625 0.087037
1 0.377344 0.433796 0.025521 0.036111
1 0.383594 0.542130 0.033854 0.084259
1 0.577865 0.286574 0.036979 0.060185
1 0.566146 0.363426 0.030208 0.063889
1 0.379948 0.637037 0.020313 0.062963
1 0.407031 0.693981 0.023438 0.069444
1 0.437500 0.722685 0.030208 0.065741
1 0.473177 0.718519 0.036979 0.087037
1 0.440885 0.831019 0.033854 0.132407
1 0.361198 0.765278 0.033854 0.036111
1 0.357812 0.712037 0.027083 0.062963
1 0.396875 0.835648 0.030208 0.045370
1 0.365625 0.841667 0.048958 0.075926
1 0.338542 0.837500 0.032292 0.060185
1 0.311458 0.808796 0.038542 0.069444
1 0.370052 0.925926 0.047396 0.087037
1 0.397135 0.945833 0.047396 0.060185
1 0.471615 0.385648 0.029687 0.054630
1 0.433594 0.573148 0.036979 0.074074
1 0.457031 0.651389 0.020313 0.045370
1 0.433594 0.662500 0.028646 0.043519
1 0.401823 0.760648 0.029687 0.036111
1 0.332813 0.700463 0.020833 0.039815
1 0.496875 0.901852 0.023958 0.038889
1 0.506771 0.715278 0.023958 0.041667
1 0.494271 0.661111 0.031250 0.038889
1 0.384635 0.704630 0.025521 0.057407
1 0.563021 0.221759 0.019792 0.045370
1 0.329167 0.652778 0.026042 0.044444
1 0.301042 0.732407 0.037500 0.077778
1 0.406510 0.259722 0.022396 0.047222
1 0.426563 0.127315 0.035417 0.052778
1 0.497396 0.276389 0.022917 0.036111
1 0.401302 0.653241 0.020313 0.034259
1 0.341667 0.950463 0.017708 0.037963
1 0.348698 0.982870 0.019271 0.032407
1 0.306771 0.650463 0.022917 0.039815
1 0.463281 0.190741 0.019271 0.037037
1 0.455729 0.235185 0.026042 0.038889
1 0.440365 0.778704 0.029687 0.037037
1 0.364063 0.481481 0.030208 0.044444
1 0.386198 0.493981 0.026562 0.045370
1 0.412760 0.413426 0.019271 0.037963
1 0.504167 0.143981 0.020833 0.036111
1 0.520052 0.178241 0.025521 0.041667
1 0.517969 0.411111 0.019271 0.033333
1 0.521615 0.301389 0.026562 0.039815
1 0.473958 0.563889 0.031250 0.050000
1 0.417448 0.807870 0.022396 0.036111
1 0.491406 0.614815 0.014063 0.031481
1 0.366146 0.597685 0.020833 0.034259
1 0.405469 0.624537 0.022396 0.034259
1 0.442188 0.386574 0.028125 0.039815
1 0.541406 0.179630 0.021354 0.040741
1 0.431250 0.630093 0.026042 0.034259
1 0.390365 0.590741 0.022396 0.037037
