1 0.610553 0.212094 0.011725 0.019856
1 0.583752 0.192238 0.061977 0.055957
1 0.478224 0.439531 0.038526 0.045126
1 0.515075 0.459386 0.041876 0.048736
1 0.483250 0.375451 0.041876 0.057762
1 0.453099 0.333032 0.055276 0.045126
1 0.557789 0.508123 0.020101 0.030686
1 0.405360 0.620939 0.033501 0.050542
1 0.423786 0.588448 0.050251 0.072202
1 0.637353 0.463899 0.045226 0.054152
1 0.592127 0.483755 0.048576 0.061372
1 0.659966 0.537004 0.053601 0.066787
1 0.404523 0.453069 0.045226 0.043321
1 0.428811 0.491877 0.056951 0.059567
1 0.343384 0.496390 0.033501 0.046931
1 0.359296 0.539711 0.035176 0.061372
1 0.568677 0.555054 0.072027 0.030686
1 0.567839 0.593863 0.077052 0.054152
1 0.472362 0.587545 0.043551 0.055957
1 0.501675 0.625451 0.048576 0.055957
1 0.536013 0.651625 0.046901 0.043321
1 0.640704 0.655235 0.018425 0.021661
1 0.582915 0.687726 0.040201 0.046931
1 0.618928 0.735560 0.048576 0.055957
1 0.641541 0.790614 0.033501 0.046931
1 0.608878 0.784296 0.028476 0.037906
1 0.579564 0.802347 0.040201 0.045126
1 0.538526 0.832130 0.045226 0.064982
1 0.531826 0.750903 0.035176 0.050542
1 0.484925 0.752708 0.041876 0.054152
1 0.433836 0.752708 0.046901 0.061372
1 0.422111 0.690433 0.043551 0.066787
1 0.790620 0.672383 0.063652 0.027076
1 0.769682 0.698556 0.061977 0.057762
1 0.822446 0.705776 0.033501 0.043321
1 0.719430 0.798736 0.055276 0.088448
1 0.515913 0.537004 0.040201 0.045126
1 0.478224 0.481047 0.035176 0.037906
1 0.348409 0.432310 0.030151 0.034296
1 0.336683 0.777978 0.040201 0.032491
1 0.402848 0.769856 0.038526 0.041516
1 0.437186 0.795126 0.043551 0.048736
1 0.463987 0.889892 0.046901 0.039711
1 0.470687 0.845668 0.036851 0.034296
1 0.505025 0.841155 0.035176 0.043321
1 0.772194 0.766245 0.036851 0.045126
1 0.801508 0.639892 0.038526 0.034296
1 0.683417 0.250903 0.040201 0.039711
1 0.628141 0.197653 0.023451 0.034296
1 0.649916 0.200361 0.020101 0.028881
1 0.671692 0.205776 0.023451 0.043321
1 0.673367 0.152527 0.040201 0.034296
1 0.618928 0.324007 0.028476 0.030686
1 0.679229 0.303249 0.028476 0.032491
1 0.723618 0.398917 0.046901 0.046931
1 0.374372 0.782491 0.035176 0.041516
1 0.504188 0.796029 0.040201 0.036101
1 0.561977 0.721119 0.038526 0.045126
1 0.677554 0.685018 0.038526 0.037906
1 0.849246 0.649819 0.033501 0.032491
1 0.288945 0.790614 0.038526 0.028881
1 0.234506 0.802347 0.023451 0.027076
1 0.266332 0.823105 0.030151 0.025271
1 0.281407 0.900722 0.026801 0.028881
1 0.358459 0.948556 0.033501 0.030686
