2 0.760122 0.729890 0.036954 0.019965
2 0.771369 0.750868 0.024743 0.026620
2 0.734415 0.753183 0.034383 0.017940
2 0.720758 0.783131 0.026992 0.028646
2 0.691195 0.791956 0.041774 0.028935
2 0.703567 0.849682 0.042095 0.033275
2 0.640746 0.775318 0.029563 0.022280
2 0.585315 0.660156 0.036954 0.030961
2 0.680270 0.717737 0.039203 0.035590
2 0.606362 0.729890 0.029563 0.024595
2 0.506587 0.622396 0.036954 0.035301
2 0.465938 0.912760 0.034704 0.044271
2 0.813143 0.668981 0.034383 0.039931
2 0.529884 0.226562 0.044344 0.037616
2 0.430270 0.295284 0.032134 0.028646
2 0.400707 0.339699 0.041774 0.037616
2 0.362629 0.433883 0.034383 0.035590
2 0.340456 0.326389 0.039524 0.028935
2 0.350257 0.350694 0.029563 0.028935
2 0.387211 0.279803 0.029563 0.024306
2 0.430270 0.256510 0.036632 0.035590
2 0.329210 0.264323 0.051735 0.019965
2 0.294826 0.317419 0.042095 0.037616
