3 0.108933 0.438223 0.064267 0.030961
3 0.101542 0.490451 0.053985 0.050926
3 0.025225 0.504774 0.034383 0.022280
3 0.048522 0.572483 0.046915 0.046586
3 0.198907 0.569155 0.056555 0.048611
3 0.139781 0.631221 0.061697 0.048900
3 0.153278 0.711082 0.029563 0.044271
3 0.208548 0.676649 0.041774 0.055266
3 0.243091 0.732060 0.022172 0.042245
3 0.275225 0.731047 0.036954 0.048900
3 0.315713 0.807436 0.039524 0.019965
3 0.340456 0.894965 0.039524 0.039931
3 0.278760 0.880642 0.049165 0.041956
3 0.501607 0.961661 0.056555 0.044271
