1 0.572409 0.185232 0.088639 0.070088
1 0.642946 0.157071 0.059925 0.051314
1 0.693508 0.032541 0.058677 0.057572
1 0.921348 0.185232 0.042447 0.045056
1 0.443196 0.534418 0.059925 0.065081
1 0.437578 0.618273 0.066167 0.042553
1 0.450687 0.675219 0.057428 0.053817
1 0.400125 0.656446 0.071161 0.041302
1 0.325843 0.640801 0.059925 0.047559
1 0.312110 0.544431 0.052434 0.057572
1 0.266542 0.593242 0.051186 0.052566
1 0.327091 0.704631 0.057428 0.042553
1 0.524345 0.795995 0.062422 0.055069
1 0.622347 0.768461 0.046192 0.052566
1 0.509988 0.839174 0.051186 0.058824
1 0.450062 0.876721 0.063670 0.061327
1 0.164794 0.847935 0.054931 0.066333
1 0.285268 0.911139 0.061174 0.042553
1 0.389513 0.926783 0.044944 0.041302
1 0.333958 0.934919 0.053683 0.057572
1 0.787141 0.140801 0.053683 0.061327
1 0.631086 0.092616 0.051186 0.060075
1 0.750312 0.105131 0.039950 0.052566
1 0.491261 0.309136 0.053683 0.035044
1 0.322722 0.390488 0.048689 0.060075
1 0.342697 0.303504 0.043695 0.046308
1 0.372659 0.506258 0.046192 0.053817
1 0.534956 0.566333 0.048689 0.043805
1 0.611735 0.633917 0.049938 0.046308
1 0.581773 0.693992 0.034956 0.028786
1 0.335206 0.760325 0.046192 0.041302
1 0.445693 0.755319 0.049938 0.066333
1 0.458801 0.928035 0.023720 0.048811
1 0.646692 0.882353 0.037453 0.032541
1 0.224095 0.841677 0.038702 0.046308
1 0.211610 0.891740 0.041199 0.046308
1 0.380774 0.858573 0.044944 0.032541
1 0.373908 0.707134 0.026217 0.027534
1 0.395131 0.720275 0.033708 0.028786
1 0.349563 0.574468 0.037453 0.032541
1 0.408864 0.484355 0.033708 0.035044
1 0.219101 0.458698 0.036205 0.033792
1 0.410737 0.286608 0.034956 0.037547
1 0.432584 0.214643 0.043695 0.038798
1 0.983146 0.228411 0.031211 0.043805
1 0.982522 0.281602 0.032459 0.042553
1 0.703496 0.238423 0.041199 0.033792
1 0.551186 0.913642 0.071161 0.045056
1 0.472534 0.961827 0.073658 0.048811
1 0.408240 0.986859 0.057428 0.023780
1 0.338951 0.984355 0.036205 0.028786
1 0.367041 0.969337 0.037453 0.033792
1 0.424469 0.809762 0.034956 0.040050
1 0.382647 0.769712 0.038702 0.030038
1 0.822722 0.590738 0.042447 0.037547
1 0.170412 0.511264 0.051186 0.043805
1 0.178527 0.801001 0.039950 0.032541
1 0.495630 0.789737 0.042447 0.037547
1 0.498752 0.595745 0.038702 0.035044
1 0.538077 0.876095 0.064919 0.047559
1 0.719101 0.742804 0.037453 0.031289
