1 0.722414 0.223276 0.058621 0.050000
1 0.610345 0.237931 0.048276 0.062069
1 0.690517 0.306034 0.081034 0.077586
1 0.495690 0.438793 0.039655 0.060345
1 0.405172 0.400862 0.072414 0.077586
1 0.316379 0.661207 0.101724 0.056897
1 0.126724 0.668103 0.056897 0.053448
1 0.132759 0.563793 0.065517 0.065517
1 0.445690 0.197414 0.074138 0.046552
1 0.714655 0.132759 0.105172 0.037931
1 0.418103 0.164655 0.025862 0.025862
1 0.410345 0.112931 0.062069 0.060345
1 0.365517 0.327586 0.041379 0.051724
1 0.226724 0.387931 0.067241 0.100000
1 0.304310 0.328448 0.046552 0.060345
1 0.334483 0.461207 0.068966 0.063793
1 0.362069 0.588793 0.034483 0.036207
1 0.456034 0.575000 0.091379 0.067241
1 0.286207 0.838793 0.062069 0.074138
1 0.154310 0.851724 0.091379 0.079310
1 0.466379 0.725862 0.084483 0.082759
1 0.533621 0.747414 0.077586 0.053448
1 0.523276 0.551724 0.050000 0.072414
1 0.427586 0.285345 0.041379 0.046552
1 0.557759 0.396552 0.056897 0.065517
1 0.267241 0.695690 0.075862 0.074138
