1 0.301158 0.535211 0.023166 0.042254
1 0.430502 0.515845 0.081081 0.038732
1 0.444015 0.471831 0.061776 0.035211
1 0.333977 0.410211 0.050193 0.045775
1 0.295367 0.376761 0.034749 0.028169
1 0.388031 0.429577 0.027027 0.042254
1 0.395753 0.390845 0.050193 0.042254
1 0.235521 0.327465 0.069498 0.042254
1 0.200772 0.376761 0.069498 0.028169
1 0.272201 0.383803 0.073359 0.070423
1 0.318533 0.257042 0.065637 0.028169
1 0.324324 0.802817 0.046332 0.049296
1 0.374517 0.845070 0.030888 0.049296
1 0.256757 0.845070 0.088803 0.056338
1 0.287645 0.700704 0.050193 0.056338
1 0.542471 0.713028 0.050193 0.052817
1 0.588803 0.642606 0.073359 0.052817
1 0.693050 0.623239 0.065637 0.049296
1 0.776062 0.751761 0.069498 0.059859
1 0.693050 0.753521 0.057915 0.042254
1 0.706564 0.816901 0.054054 0.035211
1 0.712355 0.917254 0.065637 0.038732
1 0.588803 0.772887 0.057915 0.038732
1 0.430502 0.771127 0.065637 0.049296
1 0.501931 0.940141 0.061776 0.056338
1 0.650579 0.783451 0.057915 0.066901
1 0.310811 0.313380 0.065637 0.042254
1 0.359073 0.318662 0.046332 0.038732
1 0.324324 0.457746 0.077220 0.021127
1 0.366795 0.487676 0.046332 0.038732
1 0.322394 0.637324 0.073359 0.063380
1 0.426641 0.702465 0.057915 0.038732
1 0.368726 0.728873 0.042471 0.042254
1 0.469112 0.586268 0.057915 0.052817
1 0.615830 0.688380 0.050193 0.038732
1 0.606178 0.727113 0.046332 0.038732
1 0.664093 0.702465 0.061776 0.059859
1 0.496139 0.809859 0.065637 0.042254
1 0.422780 0.911972 0.057915 0.049296
1 0.588803 0.852113 0.065637 0.049296
1 0.515444 0.480634 0.050193 0.038732
1 0.486486 0.522887 0.054054 0.038732
1 0.104247 0.146127 0.054054 0.045775
1 0.144788 0.345070 0.065637 0.056338
1 0.075290 0.246479 0.065637 0.042254
1 0.250965 0.941901 0.054054 0.031690
1 0.222008 0.959507 0.050193 0.052817
1 0.378378 0.591549 0.054054 0.035211
1 0.382239 0.626761 0.038610 0.035211
1 0.384170 0.654930 0.034749 0.028169
1 0.187259 0.207746 0.050193 0.042254
1 0.223938 0.698944 0.054054 0.045775
1 0.501931 0.637324 0.046332 0.049296
1 0.718147 0.707746 0.046332 0.042254
1 0.743243 0.667254 0.050193 0.045775
1 0.295367 0.913732 0.057915 0.052817
1 0.256757 0.755282 0.042471 0.052817
1 0.281853 0.779930 0.038610 0.038732
1 0.488417 0.716549 0.050193 0.059859
1 0.428571 0.660211 0.054054 0.052817
1 0.469112 0.656690 0.042471 0.059859
