1 0.577778 0.048333 0.075556 0.033333
1 0.562222 0.106667 0.008889 0.006667
1 0.533333 0.090000 0.066667 0.033333
1 0.476667 0.083333 0.091111 0.060000
1 0.546667 0.182500 0.075556 0.045000
1 0.478889 0.218333 0.077778 0.026667
1 0.463333 0.255833 0.073333 0.048333
1 0.404444 0.277500 0.053333 0.035000
1 0.430000 0.311667 0.055556 0.046667
1 0.530000 0.305000 0.082222 0.040000
1 0.520000 0.375000 0.071111 0.046667
1 0.495556 0.409167 0.062222 0.035000
1 0.467778 0.426667 0.073333 0.050000
1 0.442222 0.468333 0.066667 0.040000
1 0.410000 0.494167 0.073333 0.068333
1 0.618889 0.558333 0.073333 0.046667
1 0.728889 0.675000 0.075556 0.050000
1 0.308889 0.230000 0.031111 0.033333
1 0.366667 0.256667 0.071111 0.063333
1 0.376667 0.335000 0.068889 0.046667
1 0.393333 0.383333 0.075556 0.043333
1 0.301111 0.415000 0.077778 0.040000
1 0.602222 0.359167 0.071111 0.055000
1 0.666667 0.405833 0.075556 0.038333
1 0.706667 0.470833 0.071111 0.058333
1 0.623333 0.450833 0.077778 0.048333
1 0.646667 0.499167 0.088889 0.061667
1 0.847778 0.474167 0.082222 0.058333
1 0.651111 0.711667 0.071111 0.050000
1 0.711111 0.740833 0.057778 0.055000
1 0.803333 0.708333 0.055556 0.040000
1 0.814444 0.753333 0.086667 0.063333
1 0.444444 0.124167 0.062222 0.051667
1 0.354444 0.128333 0.060000 0.033333
1 0.407778 0.068333 0.051111 0.040000
1 0.503333 0.038333 0.060000 0.033333
1 0.785556 0.540000 0.064444 0.033333
1 0.540000 0.655000 0.088889 0.046667
1 0.942222 0.690000 0.053333 0.036667
1 0.933333 0.771667 0.044444 0.030000
1 0.776667 0.618333 0.082222 0.040000
1 0.572222 0.415833 0.060000 0.035000
1 0.542222 0.448333 0.080000 0.040000
1 0.552222 0.264167 0.051111 0.051667
1 0.593333 0.249167 0.053333 0.041667
1 0.888889 0.737500 0.040000 0.038333
1 0.772222 0.367500 0.055556 0.041667
1 0.675556 0.550833 0.066667 0.041667
1 0.517778 0.591667 0.035556 0.033333
1 0.625556 0.667500 0.055556 0.028333
1 0.895556 0.776667 0.035556 0.026667
1 0.483333 0.601667 0.046667 0.030000
1 0.531111 0.620833 0.044444 0.028333
1 0.398889 0.436667 0.037778 0.023333
1 0.374444 0.424167 0.037778 0.021667
1 0.654444 0.374167 0.046667 0.035000
1 0.614444 0.292500 0.037778 0.025000
1 0.452222 0.380000 0.042222 0.023333
1 0.588889 0.520000 0.062222 0.030000
