1 0.258696 0.522283 0.044928 0.018478
1 0.288406 0.538587 0.043478 0.038043
1 0.234058 0.572283 0.042029 0.033696
1 0.223913 0.596196 0.056522 0.042391
1 0.273913 0.610870 0.043478 0.026087
1 0.286957 0.649457 0.040580 0.029348
1 0.186232 0.649457 0.053623 0.033696
1 0.235507 0.661957 0.044928 0.034783
1 0.205797 0.696196 0.043478 0.033696
1 0.255797 0.714674 0.033333 0.053261
1 0.350725 0.508152 0.049275 0.042391
1 0.592029 0.572283 0.042029 0.051087
1 0.647826 0.533152 0.034783 0.035870
1 0.474638 0.573370 0.039130 0.048913
1 0.495652 0.624457 0.055072 0.048913
1 0.529710 0.657065 0.047826 0.040217
1 0.576812 0.655978 0.040580 0.038043
1 0.642029 0.649457 0.046377 0.038043
1 0.492754 0.732609 0.049275 0.030435
1 0.541304 0.744022 0.047826 0.053261
1 0.592029 0.753804 0.065217 0.051087
1 0.638406 0.713587 0.076812 0.051087
1 0.696377 0.716848 0.068116 0.053261
1 0.723188 0.670652 0.049275 0.034783
1 0.715942 0.621196 0.057971 0.038043
1 0.731884 0.548913 0.037681 0.030435
1 0.778986 0.594022 0.050725 0.051087
1 0.861594 0.582065 0.062319 0.053261
1 0.855797 0.507065 0.056522 0.061957
1 0.736232 0.458152 0.040580 0.044565
1 0.923913 0.471196 0.073913 0.031522
1 0.349275 0.608696 0.052174 0.067391
1 0.418116 0.598370 0.062319 0.051087
1 0.438406 0.637500 0.076812 0.053261
1 0.619565 0.502717 0.068116 0.053261
1 0.845652 0.646196 0.047826 0.040217
1 0.787681 0.680978 0.085507 0.046739
1 0.912319 0.526630 0.056522 0.044565
1 0.875362 0.436413 0.118841 0.064130
1 0.461594 0.447283 0.065217 0.053261
1 0.542754 0.561413 0.059420 0.040217
1 0.214493 0.535326 0.046377 0.046739
1 0.179710 0.572826 0.040580 0.032609
1 0.382609 0.664674 0.046377 0.042391
1 0.173188 0.715761 0.050725 0.027174
1 0.210870 0.757065 0.056522 0.044565
1 0.323188 0.731522 0.052174 0.041304
1 0.315217 0.690761 0.050725 0.040217
1 0.418841 0.742935 0.049275 0.040217
1 0.378261 0.755435 0.049275 0.039130
1 0.369565 0.712500 0.052174 0.044565
1 0.466667 0.677717 0.052174 0.040217
1 0.489855 0.482609 0.063768 0.036957
1 0.805797 0.727174 0.060870 0.041304
1 0.740580 0.771196 0.078261 0.040217
