2 0.188914 0.504883 0.052036 0.037109
2 0.185520 0.552734 0.063348 0.054688
2 0.220588 0.612305 0.070136 0.052734
2 0.251131 0.674805 0.054299 0.060547
2 0.384615 0.747070 0.054299 0.056641
2 0.317873 0.786133 0.024887 0.029297
2 0.279412 0.757812 0.052036 0.046875
2 0.460407 0.789062 0.056561 0.058594
2 0.519231 0.742188 0.061086 0.042969
2 0.509050 0.651367 0.058824 0.068359
2 0.564480 0.671875 0.061086 0.042969
2 0.762443 0.773438 0.076923 0.050781
2 0.580317 0.792969 0.065611 0.062500
2 0.575792 0.592773 0.083710 0.060547
2 0.601810 0.522461 0.054299 0.048828
2 0.614253 0.460938 0.056561 0.042969
2 0.532805 0.463867 0.070136 0.056641
2 0.473982 0.458008 0.061086 0.048828
2 0.389140 0.579102 0.072398 0.048828
2 0.521493 0.528320 0.047511 0.048828
2 0.421946 0.709961 0.065611 0.056641
2 0.829186 0.524414 0.056561 0.052734
2 0.501131 0.375000 0.070136 0.046875
2 0.233032 0.215820 0.054299 0.041016
2 0.180995 0.267578 0.063348 0.058594
2 0.270362 0.429688 0.110860 0.074219
