2 0.559211 0.034196 0.071053 0.060998
2 0.692105 0.137708 0.068421 0.046211
2 0.802632 0.230129 0.057895 0.049908
2 0.786842 0.164510 0.063158 0.048059
2 0.580263 0.260628 0.071053 0.044362
2 0.539474 0.326248 0.073684 0.042514
2 0.406579 0.343808 0.060526 0.036969
2 0.436842 0.406654 0.100000 0.081331
2 0.380263 0.451941 0.060526 0.042514
2 0.227632 0.373383 0.044737 0.036969
2 0.244737 0.418669 0.052632 0.042514
2 0.314474 0.367837 0.065789 0.033272
2 0.309211 0.403882 0.044737 0.053604
2 0.636842 0.564695 0.042105 0.049908
2 0.731579 0.528651 0.057895 0.033272
2 0.803947 0.485213 0.092105 0.053604
2 0.923684 0.585952 0.052632 0.048059
2 0.717105 0.763401 0.081579 0.081331
2 0.655263 0.329020 0.063158 0.048059
2 0.481579 0.032348 0.073684 0.042514
2 0.510526 0.522181 0.057895 0.046211
2 0.467105 0.516636 0.065789 0.042514
2 0.143421 0.583179 0.065789 0.064695
2 0.157895 0.678373 0.068421 0.073937
2 0.292105 0.821627 0.073684 0.046211
2 0.431579 0.822551 0.068421 0.044362
2 0.602632 0.813309 0.063158 0.040665
2 0.328947 0.663586 0.073684 0.059150
