2 0.467224 0.338542 0.046915 0.035301
2 0.462243 0.297454 0.036954 0.042245
2 0.432680 0.178819 0.036954 0.053241
2 0.469634 0.143374 0.051735 0.035590
2 0.540970 0.131221 0.066517 0.051215
2 0.602667 0.137876 0.051735 0.037905
2 0.600096 0.194444 0.051735 0.057870
2 0.755302 0.141204 0.076157 0.044560
2 0.841581 0.323061 0.046915 0.048900
2 0.898136 0.326244 0.046915 0.033275
2 0.937500 0.395110 0.056877 0.046586
2 0.914042 0.510417 0.063946 0.037616
2 0.952281 0.551360 0.076157 0.057581
2 0.911632 0.580295 0.053985 0.044271
2 0.882069 0.610243 0.059126 0.042245
2 0.932519 0.630064 0.046915 0.046586
2 0.874679 0.652344 0.053985 0.041956
2 0.751607 0.665509 0.049486 0.050926
2 0.836600 0.704282 0.061375 0.053241
2 0.888335 0.712240 0.061375 0.019965
2 0.878374 0.742188 0.031812 0.039931
2 0.926414 0.735532 0.053985 0.039931
2 0.943766 0.691117 0.044344 0.044271
2 0.972044 0.697772 0.032134 0.030961
2 0.771369 0.735388 0.054306 0.044271
2 0.658098 0.699942 0.059126 0.053241
