1 0.488426 0.306279 0.016975 0.028067
1 0.492670 0.265770 0.018519 0.022859
1 0.451196 0.294994 0.027006 0.035590
1 0.441165 0.338108 0.043981 0.015336
1 0.413194 0.293692 0.025463 0.032986
1 0.386960 0.367188 0.020448 0.032986
1 0.364969 0.350694 0.023534 0.020255
1 0.366609 0.384983 0.023727 0.037905
1 0.351466 0.440828 0.033951 0.048322
1 0.342978 0.506800 0.020448 0.037905
1 0.364969 0.537326 0.023534 0.038194
1 0.353974 0.571615 0.021991 0.030382
1 0.372589 0.565249 0.018711 0.043113
1 0.402199 0.557581 0.027006 0.038194
1 0.383584 0.631221 0.033758 0.043113
1 0.361593 0.665509 0.016782 0.050926
1 0.386960 0.660301 0.020448 0.040509
1 0.418306 0.593171 0.028742 0.048032
1 0.446181 0.536024 0.023534 0.025174
1 0.441069 0.575376 0.020255 0.022859
1 0.487558 0.590567 0.015239 0.032986
1 0.507041 0.584201 0.023727 0.025463
1 0.443673 0.666667 0.021991 0.038194
1 0.468171 0.658999 0.010031 0.022859
1 0.474055 0.692130 0.015239 0.017940
1 0.414062 0.690828 0.033758 0.035590
1 0.448785 0.709780 0.028742 0.032986
1 0.340953 0.701534 0.022569 0.036169
1 0.382523 0.416667 0.012731 0.015046
1 0.376447 0.430122 0.011767 0.013021
1 0.377315 0.442564 0.012731 0.011863
1 0.374904 0.453848 0.014082 0.015914
1 0.382330 0.541233 0.013117 0.017072
1 0.420621 0.633681 0.014468 0.016204
1 0.427180 0.621238 0.014082 0.019097
1 0.458044 0.571470 0.017940 0.024884
1 0.351659 0.609375 0.015046 0.024306
1 0.362847 0.598524 0.018133 0.019965
1 0.381462 0.603443 0.014082 0.017650
1 0.391782 0.593027 0.016975 0.030961
1 0.400752 0.610677 0.014853 0.018808
1 0.405189 0.631655 0.014082 0.019097
1 0.472704 0.711950 0.014082 0.015336
1 0.461516 0.677662 0.015239 0.019097
1 0.482060 0.664931 0.016204 0.019676
1 0.341532 0.479745 0.014853 0.019097
1 0.465471 0.285735 0.018904 0.021701
1 0.528742 0.327257 0.016590 0.020255
1 0.540606 0.338831 0.014853 0.019676
1 0.541474 0.321615 0.015046 0.018229
1 0.517361 0.367477 0.016590 0.024306
1 0.496335 0.360822 0.015818 0.024306
1 0.514757 0.338397 0.010610 0.022859
1 0.522184 0.343461 0.016590 0.019676
1 0.504630 0.688802 0.010417 0.021701
1 0.510995 0.696470 0.012731 0.023727
1 0.324653 0.669271 0.012731 0.019097
1 0.398823 0.521557 0.017168 0.017072
1 0.429012 0.556424 0.015432 0.020833
1 0.424479 0.650463 0.018326 0.026042
1 0.460841 0.657407 0.013117 0.024306
1 0.402488 0.664062 0.017554 0.024306
