1 0.473188 0.625362 0.065217 0.059420
1 0.336957 0.552899 0.050725 0.062319
1 0.606522 0.418116 0.079710 0.036232
1 0.768116 0.734783 0.057971 0.060870
1 0.678261 0.738406 0.086957 0.068116
1 0.446377 0.684058 0.066667 0.052174
1 0.468116 0.747826 0.086957 0.084058
1 0.461594 0.566667 0.062319 0.057971
1 0.410145 0.507971 0.063768 0.059420
1 0.383333 0.468116 0.068116 0.063768
1 0.458696 0.433333 0.076812 0.107246
1 0.289130 0.461594 0.094203 0.088406
1 0.350000 0.323188 0.059420 0.063768
1 0.468841 0.348551 0.065217 0.053623
1 0.539855 0.371014 0.053623 0.066667
1 0.647101 0.361594 0.056522 0.073913
1 0.640580 0.280435 0.113043 0.062319
1 0.482609 0.292754 0.084058 0.078261
1 0.428261 0.235507 0.059420 0.053623
1 0.654348 0.197101 0.050725 0.037681
1 0.644928 0.169565 0.089855 0.066667
1 0.266667 0.055072 0.092754 0.063768
1 0.270290 0.160870 0.073913 0.066667
1 0.617391 0.491304 0.081159 0.066667
1 0.725362 0.221014 0.042029 0.033333
1 0.696377 0.221739 0.036232 0.031884
1 0.801449 0.155797 0.043478 0.036232
1 0.685507 0.616667 0.043478 0.030435
1 0.692029 0.842029 0.047826 0.043478
1 0.564493 0.736232 0.056522 0.031884
1 0.517391 0.488406 0.043478 0.031884
1 0.474638 0.518116 0.047826 0.044928
1 0.530435 0.539130 0.057971 0.052174
1 0.589855 0.555072 0.060870 0.055072
1 0.511594 0.437681 0.049275 0.037681
1 0.718841 0.409420 0.046377 0.039130
1 0.742029 0.289855 0.049275 0.049275
1 0.496377 0.091304 0.053623 0.037681
1 0.324638 0.068841 0.040580 0.042029
1 0.334058 0.027536 0.062319 0.028986
1 0.413768 0.163043 0.065217 0.033333
1 0.328986 0.192754 0.046377 0.034783
1 0.411594 0.311594 0.031884 0.078261
1 0.328261 0.391304 0.062319 0.052174
1 0.395652 0.384783 0.049275 0.033333
1 0.290580 0.527536 0.047826 0.046377
1 0.596377 0.780435 0.036232 0.030435
1 0.744203 0.666667 0.050725 0.037681
1 0.790580 0.696377 0.056522 0.047826
1 0.691304 0.039855 0.046377 0.042029
1 0.465217 0.178261 0.037681 0.046377
1 0.555797 0.302899 0.039130 0.037681
1 0.596377 0.236957 0.042029 0.044928
1 0.586957 0.364493 0.049275 0.044928
1 0.510870 0.197101 0.039130 0.049275
1 0.563043 0.479710 0.044928 0.037681
1 0.550000 0.660870 0.047826 0.043478
1 0.553623 0.609420 0.043478 0.059420
1 0.888406 0.227536 0.052174 0.034783
