1 0.567657 0.156342 0.079208 0.070796
1 0.442244 0.569322 0.072607 0.035398
1 0.437294 0.382006 0.049505 0.050147
1 0.539604 0.659292 0.075908 0.050147
1 0.475248 0.697640 0.059406 0.067847
1 0.344884 0.561947 0.062706 0.061947
1 0.255776 0.467552 0.056106 0.050147
1 0.224422 0.762537 0.059406 0.056047
1 0.130363 0.786136 0.049505 0.050147
1 0.204620 0.842183 0.046205 0.056047
1 0.049505 0.328909 0.046205 0.056047
1 0.092409 0.548673 0.046205 0.058997
1 0.435644 0.230088 0.092409 0.070796
1 0.506601 0.277286 0.062706 0.064897
1 0.272277 0.222714 0.089109 0.061947
1 0.105611 0.241888 0.092409 0.064897
1 0.259076 0.345133 0.082508 0.053097
1 0.136964 0.402655 0.095710 0.073746
1 0.214521 0.548673 0.059406 0.053097
1 0.244224 0.617994 0.092409 0.067847
1 0.343234 0.502950 0.052805 0.050147
1 0.061056 0.676991 0.108911 0.126844
1 0.410891 0.784661 0.069307 0.064897
1 0.544554 0.821534 0.092409 0.061947
1 0.541254 0.762537 0.052805 0.044248
1 0.496700 0.958702 0.062706 0.070796
1 0.333333 0.356932 0.079208 0.064897
1 0.138614 0.132743 0.066007 0.047198
1 0.280528 0.125369 0.105611 0.079646
1 0.052805 0.072271 0.092409 0.079646
1 0.523102 0.402655 0.042904 0.044248
1 0.382838 0.290560 0.046205 0.038348
1 0.432343 0.297935 0.052805 0.029499
1 0.526403 0.212389 0.069307 0.047198
1 0.229373 0.404130 0.075908 0.047198
1 0.330033 0.688791 0.046205 0.044248
1 0.405941 0.707965 0.039604 0.035398
1 0.622112 0.740413 0.056106 0.047198
1 0.612211 0.789086 0.056106 0.050147
1 0.273927 0.855457 0.052805 0.053097
1 0.229373 0.890855 0.049505 0.023599
1 0.234323 0.917404 0.059406 0.029499
1 0.168317 0.895280 0.046205 0.044248
1 0.160066 0.964602 0.056106 0.053097
1 0.070957 0.803835 0.042904 0.038348
1 0.402640 0.414454 0.059406 0.050147
1 0.442244 0.141593 0.072607 0.047198
1 0.143564 0.724189 0.049505 0.044248
1 0.160066 0.533923 0.056106 0.047198
1 0.105611 0.500000 0.052805 0.032448
1 0.138614 0.463127 0.052805 0.035398
1 0.433993 0.016224 0.049505 0.032448
1 0.490099 0.107670 0.062706 0.038348
1 0.323432 0.020649 0.046205 0.041298
1 0.234323 0.048673 0.059406 0.038348
1 0.471947 0.033923 0.039604 0.038348
1 0.450495 0.063422 0.056106 0.038348
1 0.156766 0.343658 0.042904 0.038348
1 0.326733 0.290560 0.052805 0.056047
1 0.547855 0.017699 0.052805 0.035398
1 0.567657 0.274336 0.052805 0.047198
1 0.833333 0.784661 0.062706 0.053097
1 0.709571 0.783186 0.059406 0.061947
1 0.308581 0.632743 0.056106 0.050147
