2 0.537436 0.267506 0.034383 0.035590
2 0.616163 0.266348 0.034383 0.033275
2 0.678985 0.266348 0.032134 0.019965
2 0.672879 0.298611 0.024422 0.035301
2 0.647012 0.324219 0.036954 0.046586
2 0.578085 0.348524 0.032134 0.028646
2 0.591581 0.300926 0.064267 0.026620
2 0.596562 0.197772 0.034383 0.037905
2 0.534865 0.621238 0.034383 0.037616
2 0.536150 0.688802 0.046594 0.044271
2 0.410668 0.726562 0.032134 0.031250
2 0.440071 0.745370 0.031812 0.042245
2 0.498072 0.773148 0.044344 0.035301
2 0.516549 0.729890 0.051735 0.024595
2 0.438785 0.818576 0.049165 0.028935
2 0.325675 0.678819 0.039524 0.028935
2 0.268959 0.766493 0.044344 0.048611
