3 0.505859 0.252083 0.049219 0.058333
3 0.403516 0.234896 0.047656 0.057292
3 0.459375 0.309375 0.046875 0.060417
3 0.423047 0.354167 0.046094 0.052083
3 0.320703 0.436979 0.033594 0.048958
3 0.869922 0.485417 0.028906 0.037500
3 0.884766 0.702083 0.032031 0.052083
3 0.866406 0.795312 0.048438 0.044792
3 0.856250 0.744792 0.035937 0.037500
3 0.814063 0.785417 0.039062 0.047917
3 0.778516 0.767708 0.032031 0.056250
3 0.808203 0.655729 0.030469 0.036458
3 0.692969 0.771875 0.026562 0.037500
3 0.722656 0.823958 0.042188 0.056250
3 0.588672 0.651042 0.032031 0.054167
3 0.640625 0.725521 0.037500 0.048958
3 0.700391 0.619792 0.028906 0.062500
3 0.594922 0.551042 0.030469 0.052083
3 0.695703 0.509896 0.049219 0.069792
