2 0.705729 0.473148 0.035417 0.066667
2 0.742188 0.524537 0.040625 0.065741
2 0.669271 0.333333 0.040625 0.062963
2 0.636979 0.394907 0.040625 0.084259
2 0.699740 0.231019 0.033854 0.045370
2 0.589063 0.288426 0.035417 0.093519
2 0.523958 0.295833 0.040625 0.084259
2 0.488281 0.232870 0.030729 0.060185
2 0.471615 0.294444 0.047396 0.081481
2 0.438542 0.287037 0.059375 0.096296
2 0.352083 0.333333 0.035417 0.068519
2 0.314844 0.340741 0.042188 0.077778
2 0.308073 0.262500 0.028646 0.065741
2 0.431510 0.392130 0.042188 0.054630
2 0.350521 0.444444 0.045833 0.062963
2 0.270833 0.399537 0.035417 0.063889
2 0.254688 0.452315 0.030208 0.060185
2 0.408854 0.501852 0.037500 0.068519
2 0.453646 0.600926 0.042708 0.057407
2 0.320573 0.519907 0.033854 0.063889
2 0.616146 0.875000 0.048958 0.057407
2 0.772656 0.589352 0.030729 0.045370
2 0.842708 0.593981 0.032292 0.060185
2 0.257292 0.772685 0.032292 0.069444
2 0.229427 0.547222 0.044271 0.081481
2 0.265625 0.578704 0.048958 0.072222
