2 0.712243 0.546875 0.063946 0.039931
2 0.548522 0.327402 0.076478 0.062211
2 0.605077 0.295284 0.046915 0.046586
2 0.623715 0.171152 0.073907 0.064525
2 0.243091 0.398438 0.090938 0.044560
2 0.176735 0.620226 0.056555 0.035590
2 0.138496 0.651186 0.049486 0.035590
2 0.152153 0.775318 0.051735 0.062211
2 0.192641 0.662326 0.039524 0.039931
2 0.229595 0.718750 0.063946 0.037616
2 0.268959 0.660012 0.044344 0.026620
2 0.326960 0.669994 0.051735 0.037905
2 0.472044 0.612413 0.041774 0.033275
2 0.408098 0.762008 0.061697 0.057581
2 0.264139 0.787471 0.029563 0.046586
2 0.460958 0.851852 0.024743 0.028935
2 0.362629 0.889468 0.069087 0.037616
2 0.377249 0.918258 0.059126 0.033275
2 0.431395 0.935041 0.034383 0.030961
2 0.474614 0.940538 0.046915 0.041956
2 0.155366 0.676649 0.037596 0.029803
