2 0.741645 0.342882 0.029563 0.039931
2 0.623715 0.694444 0.044344 0.037616
2 0.437661 0.177807 0.032134 0.011285
2 0.787275 0.571325 0.041774 0.035590
2 0.836600 0.643519 0.036954 0.037616
2 0.875964 0.646846 0.036632 0.030961
2 0.810733 0.662182 0.029563 0.030961
2 0.797237 0.683304 0.041774 0.028646
2 0.792256 0.713252 0.031812 0.044560
2 0.754017 0.724392 0.039524 0.035590
2 0.729434 0.722078 0.029563 0.030961
2 0.717063 0.674479 0.034383 0.042245
2 0.678985 0.678964 0.036632 0.033275
2 0.648136 0.738860 0.053985 0.019965
2 0.665328 0.758681 0.034383 0.024306
2 0.678824 0.774306 0.022172 0.024306
2 0.713528 0.780961 0.051735 0.050926
2 0.707102 0.338831 0.033098 0.027199
2 0.589010 0.687645 0.032134 0.033854
2 0.690553 0.721499 0.039846 0.032118
2 0.569087 0.267506 0.047558 0.025752
