3 0.807813 0.294141 0.059375 0.035156
3 0.792708 0.190625 0.070833 0.037500
3 0.684896 0.204297 0.061458 0.033594
3 0.634896 0.232813 0.044792 0.042188
3 0.688021 0.248438 0.038542 0.037500
3 0.597396 0.464844 0.059375 0.035937
3 0.467708 0.513672 0.029167 0.044531
3 0.554688 0.521484 0.038542 0.050781
3 0.612500 0.534375 0.064583 0.068750
3 0.585938 0.575391 0.117708 0.044531
3 0.646354 0.641016 0.080208 0.028906
3 0.519792 0.650000 0.050000 0.037500
3 0.587500 0.673438 0.085417 0.053125
3 0.535417 0.288672 0.064583 0.024219
3 0.569271 0.351953 0.073958 0.039844
3 0.642188 0.380469 0.076042 0.062500
