2 0.597686 0.120226 0.041774 0.033275
2 0.663078 0.071325 0.063946 0.046586
2 0.345437 0.648872 0.073907 0.057581
2 0.401992 0.332899 0.044344 0.033275
2 0.416613 0.624566 0.063946 0.048900
2 0.361343 0.572483 0.056877 0.051215
2 0.457262 0.685475 0.017352 0.015625
2 0.430270 0.684317 0.032134 0.026620
2 0.446176 0.738715 0.049165 0.050926
2 0.470919 0.833044 0.034383 0.026620
2 0.466099 0.867332 0.049165 0.028646
2 0.494216 0.681134 0.046915 0.042245
2 0.550932 0.705584 0.046594 0.046586
2 0.584190 0.656829 0.053985 0.037616
2 0.586600 0.747541 0.054306 0.046586
2 0.550932 0.643374 0.051735 0.046586
2 0.777474 0.317419 0.046594 0.050926
2 0.776350 0.225550 0.044344 0.048900
2 0.398458 0.937066 0.052057 0.037905
2 0.336922 0.607205 0.042095 0.040799
2 0.502089 0.729456 0.057519 0.045718
