1 0.683333 0.085965 0.042857 0.045614
1 0.709524 0.150877 0.047619 0.035088
1 0.438095 0.259649 0.038095 0.028070
1 0.385714 0.187719 0.047619 0.045614
1 0.176190 0.619298 0.104762 0.052632
1 0.276190 0.703509 0.057143 0.052632
1 0.623810 0.507018 0.114286 0.031579
1 0.454762 0.570175 0.052381 0.045614
1 0.647619 0.612281 0.066667 0.045614
1 0.604762 0.557895 0.047619 0.035088
1 0.733333 0.638596 0.076190 0.042105
1 0.638095 0.656140 0.038095 0.056140
1 0.566667 0.710526 0.047619 0.052632
1 0.461905 0.642105 0.057143 0.035088
1 0.595238 0.778947 0.076190 0.042105
1 0.664286 0.782456 0.042857 0.056140
1 0.611905 0.824561 0.061905 0.028070
1 0.557143 0.821053 0.057143 0.049123
1 0.447619 0.759649 0.047619 0.045614
1 0.438095 0.871930 0.076190 0.052632
1 0.623810 0.859649 0.047619 0.049123
1 0.738095 0.889474 0.057143 0.059649
1 0.597619 0.922807 0.061905 0.042105
1 0.595238 0.975439 0.047619 0.042105
1 0.233333 0.429825 0.095238 0.059649
1 0.250000 0.552632 0.071429 0.052632
1 0.392857 0.652632 0.080952 0.056140
1 0.378571 0.742105 0.071429 0.052632
1 0.454762 0.696491 0.061905 0.045614
1 0.530952 0.592982 0.071429 0.049123
1 0.561905 0.642105 0.076190 0.049123
1 0.685714 0.710526 0.114286 0.052632
1 0.492857 0.782456 0.061905 0.070175
1 0.697619 0.877193 0.100000 0.035088
1 0.711905 0.959649 0.061905 0.045614
1 0.357143 0.929825 0.057143 0.084211
1 0.904762 0.536842 0.076190 0.063158
1 0.811905 0.447368 0.061905 0.038596
1 0.335714 0.828070 0.052381 0.035088
1 0.304762 0.857895 0.057143 0.059649
1 0.326190 0.773684 0.052381 0.045614
1 0.416667 0.796491 0.052381 0.042105
1 0.500000 0.873684 0.038095 0.035088
1 0.516667 0.915789 0.033333 0.028070
1 0.538095 0.935088 0.038095 0.024561
1 0.221429 0.661404 0.100000 0.038596
1 0.292857 0.603509 0.061905 0.049123
1 0.509524 0.487719 0.057143 0.035088
1 0.509524 0.550877 0.047619 0.042105
1 0.707143 0.552632 0.071429 0.045614
1 0.778571 0.838596 0.061905 0.035088
1 0.709524 0.836842 0.057143 0.045614
1 0.773810 0.773684 0.061905 0.045614
