2 0.375000 0.321904 0.044344 0.024595
2 0.420469 0.294126 0.036954 0.044271
2 0.425289 0.243200 0.036954 0.030961
2 0.574389 0.217737 0.034383 0.033275
2 0.368734 0.266493 0.036954 0.037616
2 0.804627 0.666811 0.046915 0.044271
2 0.815713 0.619068 0.039524 0.037905
2 0.740521 0.729890 0.042095 0.037905
2 0.675289 0.640191 0.034383 0.030961
2 0.389621 0.854167 0.034383 0.024306
2 0.441356 0.896267 0.029242 0.033275
2 0.595276 0.663484 0.036954 0.037616
2 0.661793 0.685475 0.031812 0.042245
2 0.538721 0.716580 0.022172 0.041956
2 0.627410 0.744358 0.051735 0.035590
2 0.671594 0.737703 0.032134 0.035590
2 0.575514 0.808738 0.056555 0.039931
2 0.367449 0.423900 0.024743 0.028935
