1 0.469794 0.621383 0.056555 0.019965
1 0.426575 0.592448 0.034383 0.015336
1 0.378535 0.607928 0.032134 0.024306
1 0.382230 0.646701 0.063946 0.035301
1 0.363753 0.666667 0.046915 0.053241
1 0.271530 0.635706 0.044344 0.008681
1 0.297237 0.600116 0.032134 0.013310
1 0.313303 0.798611 0.053985 0.028935
1 0.377410 0.822049 0.063946 0.053241
1 0.268959 0.811921 0.039203 0.028935
1 0.251767 0.766493 0.049165 0.026620
1 0.539846 0.908275 0.053985 0.026620
1 0.181555 0.574653 0.076478 0.050926
1 0.133515 0.745515 0.069087 0.046586
1 0.342866 0.722222 0.039203 0.026620
1 0.287436 0.575810 0.066517 0.048611
1 0.298522 0.856337 0.044344 0.019965
1 0.474936 0.153212 0.041131 0.026910
1 0.474454 0.182726 0.062018 0.047743
1 0.089974 0.632668 0.044344 0.033854
1 0.091581 0.677083 0.043059 0.042824
1 0.248393 0.836227 0.044344 0.035880
1 0.425611 0.839699 0.051093 0.028935
1 0.413560 0.869068 0.075193 0.037905
1 0.350257 0.861111 0.044344 0.048032
1 0.328728 0.904080 0.041131 0.029803
1 0.497751 0.951968 0.035347 0.030093
1 0.532616 0.947049 0.027956 0.031829
1 0.186375 0.662616 0.048843 0.038194
1 0.214171 0.539352 0.046594 0.032986
1 0.412918 0.351273 0.052057 0.052083
1 0.528599 0.156829 0.039846 0.026042
1 0.594152 0.164207 0.068766 0.035012
1 0.653920 0.152199 0.033419 0.028935
1 0.638496 0.193576 0.044344 0.035880
1 0.642995 0.226562 0.039846 0.030093
1 0.457262 0.589265 0.041131 0.035012
1 0.512532 0.686053 0.076478 0.052662
1 0.538721 0.622106 0.051093 0.042824
1 0.580334 0.590278 0.047558 0.052662
1 0.178021 0.831742 0.045630 0.047164
1 0.303181 0.714554 0.054306 0.047743
1 0.341902 0.757957 0.052057 0.035012
1 0.459994 0.779369 0.046594 0.033854
1 0.088207 0.571759 0.043380 0.027778
1 0.318766 0.498553 0.041131 0.032986
1 0.707102 0.551794 0.037596 0.035880
1 0.575193 0.713542 0.035347 0.031829
1 0.325996 0.595341 0.046594 0.030961
1 0.192320 0.738860 0.034383 0.030961
1 0.392352 0.738426 0.055270 0.052083
1 0.235219 0.738860 0.044344 0.040799
1 0.459030 0.714988 0.046594 0.037037
1 0.487147 0.734375 0.067481 0.043981
