1 0.461765 0.664573 0.068627 0.055276
1 0.520588 0.799623 0.041176 0.031407
1 0.572549 0.842337 0.027451 0.016332
1 0.617647 0.829146 0.062745 0.037688
1 0.497059 0.734925 0.049020 0.045226
1 0.542157 0.713568 0.041176 0.037688
1 0.654902 0.755025 0.062745 0.045226
1 0.622549 0.704146 0.064706 0.043970
1 0.865686 0.755653 0.107843 0.046482
1 0.799020 0.829146 0.107843 0.060302
1 0.677451 0.864950 0.127451 0.046482
1 0.700000 0.908291 0.054902 0.035176
1 0.742157 0.914573 0.033333 0.030151
1 0.794118 0.930905 0.070588 0.060302
1 0.896078 0.900126 0.101961 0.051508
1 0.664706 0.661432 0.050980 0.026382
1 0.721569 0.680276 0.070588 0.051508
1 0.586275 0.628769 0.125490 0.048995
1 0.449020 0.588568 0.058824 0.036432
1 0.468627 0.621859 0.054902 0.030151
1 0.402941 0.618719 0.076471 0.046482
1 0.342157 0.594849 0.100000 0.048995
1 0.296078 0.561558 0.098039 0.040201
1 0.255882 0.527638 0.052941 0.027638
1 0.228431 0.439070 0.072549 0.051508
1 0.285294 0.361809 0.076471 0.072864
1 0.393137 0.404523 0.076471 0.062814
1 0.454902 0.414573 0.054902 0.032663
1 0.469608 0.363693 0.072549 0.051508
1 0.513725 0.332286 0.074510 0.046482
1 0.532353 0.369975 0.072549 0.028894
1 0.548039 0.411432 0.084314 0.043970
1 0.340196 0.481156 0.139216 0.055276
1 0.378431 0.521357 0.090196 0.037688
1 0.462745 0.523241 0.058824 0.051508
1 0.459804 0.483040 0.064706 0.046482
1 0.668627 0.571608 0.090196 0.060302
1 0.625490 0.447864 0.086275 0.056533
1 0.520588 0.463568 0.088235 0.060302
1 0.527451 0.567839 0.082353 0.042714
1 0.813725 0.385678 0.086275 0.032663
1 0.432353 0.065327 0.092157 0.045226
1 0.402941 0.308417 0.096078 0.064070
1 0.751961 0.280151 0.131373 0.057789
1 0.802941 0.214196 0.072549 0.043970
1 0.710784 0.404523 0.131373 0.057789
1 0.783333 0.427136 0.084314 0.040201
1 0.679412 0.501256 0.076471 0.060302
1 0.593137 0.502513 0.076471 0.035176
1 0.931373 0.537688 0.054902 0.035176
1 0.938235 0.500000 0.064706 0.032663
1 0.978431 0.538945 0.039216 0.037688
1 0.458824 0.155151 0.074510 0.043970
1 0.925490 0.962312 0.062745 0.035176
1 0.513725 0.518216 0.074510 0.048995
1 0.447059 0.249372 0.062745 0.028894
1 0.684314 0.201005 0.050980 0.035176
1 0.352941 0.160176 0.058824 0.023869
1 0.537255 0.243090 0.050980 0.026382
1 0.588235 0.293970 0.050980 0.027638
1 0.569608 0.072236 0.068627 0.031407
1 0.892157 0.351759 0.074510 0.057789
1 0.897059 0.408920 0.072549 0.033920
1 0.643137 0.163945 0.058824 0.036432
1 0.537255 0.122487 0.074510 0.041457
