2 0.694829 0.281556 0.033795 0.050858
2 0.601893 0.233150 0.060871 0.030637
2 0.576445 0.294271 0.037256 0.071385
2 0.529927 0.327206 0.032166 0.066176
2 0.485953 0.340074 0.055782 0.066176
2 0.561177 0.350337 0.037256 0.056066
2 0.549369 0.430453 0.050692 0.048407
2 0.505395 0.449602 0.030334 0.056066
2 0.485138 0.463542 0.030537 0.043505
2 0.454703 0.392310 0.037256 0.053615
2 0.428441 0.445772 0.035627 0.068627
2 0.432614 0.508119 0.033795 0.035846
2 0.452056 0.538756 0.035627 0.056066
2 0.487683 0.551471 0.035627 0.066176
2 0.513844 0.523438 0.054153 0.076287
2 0.551099 0.477482 0.033795 0.056066
2 0.555273 0.533548 0.035627 0.040748
2 0.592529 0.477482 0.035627 0.071385
2 0.631413 0.429228 0.035627 0.066176
2 0.672028 0.425245 0.052524 0.048407
2 0.578176 0.648284 0.050896 0.066176
2 0.507940 0.592065 0.062704 0.056066
2 0.557003 0.743719 0.039088 0.068934
2 0.598534 0.699142 0.020358 0.035539
2 0.608612 0.784314 0.023819 0.048407
2 0.760892 0.666054 0.033998 0.035539
2 0.814230 0.683824 0.025448 0.035539
2 0.717732 0.783241 0.012011 0.025429
2 0.727097 0.827665 0.037256 0.073836
2 0.692386 0.835325 0.021987 0.048100
2 0.708469 0.748775 0.040717 0.043505
2 0.765981 0.732230 0.050692 0.076593
