1 0.505587 0.062500 0.083799 0.033333
1 0.463687 0.093750 0.067039 0.029167
1 0.572626 0.097917 0.083799 0.037500
1 0.438547 0.183333 0.039106 0.033333
1 0.516760 0.200000 0.128492 0.066667
1 0.301676 0.154167 0.089385 0.041667
1 0.354749 0.116667 0.083799 0.041667
1 0.301676 0.295833 0.055866 0.050000
1 0.472067 0.250000 0.106145 0.050000
1 0.446927 0.304167 0.089385 0.050000
1 0.472067 0.356250 0.128492 0.045833
1 0.248603 0.364583 0.072626 0.062500
1 0.357542 0.406250 0.089385 0.029167
1 0.307263 0.447917 0.067039 0.045833
1 0.363128 0.454167 0.067039 0.025000
1 0.125698 0.572917 0.061453 0.045833
1 0.231844 0.558333 0.027933 0.033333
1 0.290503 0.558333 0.044693 0.058333
1 0.276536 0.608333 0.106145 0.050000
1 0.293296 0.666667 0.061453 0.050000
1 0.407821 0.545833 0.089385 0.058333
1 0.460894 0.518750 0.061453 0.054167
1 0.365922 0.591667 0.094972 0.066667
1 0.449721 0.597917 0.050279 0.037500
1 0.396648 0.664583 0.067039 0.054167
1 0.441341 0.668750 0.044693 0.037500
1 0.620112 0.664583 0.055866 0.062500
1 0.606145 0.722917 0.050279 0.054167
1 0.558659 0.762500 0.078212 0.058333
1 0.572626 0.806250 0.039106 0.037500
1 0.438547 0.818750 0.050279 0.045833
1 0.539106 0.860417 0.061453 0.045833
1 0.631285 0.843750 0.055866 0.029167
1 0.768156 0.922917 0.050279 0.020833
1 0.642458 0.891667 0.033520 0.050000
1 0.726257 0.964583 0.055866 0.037500
1 0.726257 0.808333 0.100559 0.075000
1 0.530726 0.483333 0.055866 0.041667
1 0.756983 0.504167 0.050279 0.041667
1 0.840782 0.502083 0.061453 0.054167
1 0.586592 0.581250 0.044693 0.037500
1 0.547486 0.664583 0.067039 0.037500
1 0.497207 0.660417 0.055866 0.045833
1 0.522346 0.620833 0.061453 0.041667
1 0.441341 0.425000 0.044693 0.033333
1 0.553073 0.143750 0.055866 0.045833
1 0.441341 0.752083 0.067039 0.037500
1 0.488827 0.762500 0.061453 0.041667
1 0.743017 0.664583 0.067039 0.037500
1 0.698324 0.595833 0.044693 0.033333
1 0.645251 0.585417 0.061453 0.037500
1 0.715084 0.622917 0.044693 0.037500
1 0.706704 0.545833 0.050279 0.033333
1 0.251397 0.518750 0.055866 0.029167
