1 0.325191 0.204903 0.073282 0.049029
1 0.306107 0.265032 0.065649 0.030527
1 0.494656 0.301573 0.033588 0.033302
1 0.616794 0.369103 0.021374 0.044403
1 0.397710 0.164200 0.080916 0.041628
1 0.485496 0.162350 0.079389 0.050879
1 0.472519 0.213228 0.025954 0.028677
1 0.393893 0.203978 0.051908 0.028677
1 0.540458 0.215079 0.079389 0.037928
1 0.584733 0.178538 0.094656 0.053654
1 0.520611 0.270583 0.070229 0.050879
1 0.451908 0.269658 0.036641 0.030527
1 0.412214 0.289547 0.079389 0.048104
1 0.430534 0.323774 0.067176 0.051804
1 0.422901 0.400555 0.073282 0.057354
1 0.481679 0.432470 0.080916 0.041628
1 0.481679 0.367253 0.044275 0.044403
1 0.520611 0.360315 0.070229 0.039778
1 0.561069 0.398242 0.062595 0.058279
1 0.588550 0.288622 0.029008 0.046253
1 0.637405 0.240518 0.062595 0.035153
1 0.668702 0.209528 0.073282 0.039778
1 0.670229 0.183164 0.061069 0.044403
1 0.737405 0.172988 0.109924 0.033302
1 0.722901 0.143386 0.065649 0.057354
1 0.697710 0.098520 0.073282 0.049029
1 0.716031 0.060130 0.073282 0.046253
1 0.355725 0.362627 0.076336 0.066605
1 0.623664 0.295560 0.047328 0.019426
1 0.625954 0.273821 0.036641 0.022202
1 0.400000 0.259482 0.039695 0.015726
1 0.106870 0.298797 0.048855 0.016651
1 0.012214 0.359389 0.024427 0.026827
1 0.048092 0.381591 0.053435 0.024977
1 0.310687 0.312211 0.044275 0.019426
1 0.267176 0.221092 0.045802 0.020352
1 0.276336 0.197040 0.033588 0.020352
1 0.429008 0.129510 0.051908 0.024052
1 0.503817 0.118409 0.036641 0.018501
1 0.722137 0.297410 0.036641 0.023127
1 0.569466 0.329787 0.042748 0.024977
1 0.732061 0.325162 0.071756 0.023127
1 0.677863 0.406105 0.085496 0.029602
1 0.339695 0.432007 0.050382 0.029602
1 0.348092 0.407031 0.067176 0.018501
1 0.458779 0.246531 0.041221 0.021277
1 0.647328 0.029602 0.051908 0.018501
1 0.450382 0.090657 0.042748 0.024052
1 0.484733 0.093432 0.041221 0.022202
1 0.517557 0.087882 0.045802 0.022202
1 0.334351 0.244218 0.076336 0.027752
1 0.287786 0.400093 0.041221 0.019426
1 0.221374 0.439870 0.061069 0.030527
1 0.544275 0.458834 0.068702 0.027752
1 0.190076 0.490287 0.047328 0.020352
1 0.038931 0.409343 0.032061 0.015726
1 0.069466 0.399630 0.038168 0.018501
1 0.077099 0.418594 0.038168 0.015726
1 0.245038 0.321462 0.050382 0.024977
1 0.719847 0.244681 0.044275 0.021277
1 0.622901 0.329787 0.058015 0.032377
