2 0.785556 0.119874 0.042222 0.056782
2 0.735556 0.309148 0.026667 0.050473
2 0.812222 0.283912 0.028889 0.044164
2 0.551111 0.706625 0.040000 0.044164
2 0.506667 0.818612 0.031111 0.047319
2 0.458889 0.897476 0.046667 0.047319
2 0.426667 0.785489 0.031111 0.050473
2 0.494444 0.681388 0.060000 0.050473
2 0.270000 0.397476 0.020000 0.056782
2 0.304444 0.425868 0.048889 0.056782
2 0.405556 0.298107 0.046667 0.066246
2 0.573333 0.317035 0.035556 0.053628
2 0.360000 0.705047 0.026667 0.041009
2 0.893333 0.347003 0.048889 0.063091
2 0.655556 0.381703 0.057778 0.088328
2 0.516667 0.268139 0.046667 0.075710
2 0.305556 0.531546 0.028889 0.041009
2 0.314444 0.585174 0.033333 0.059937
2 0.394444 0.635647 0.028889 0.034700
2 0.461111 0.602524 0.046667 0.050473
2 0.416667 0.717666 0.037778 0.041009
2 0.585556 0.517350 0.042222 0.075710
2 0.650000 0.523659 0.042222 0.050473
2 0.748889 0.526814 0.044444 0.063091
2 0.722222 0.660883 0.044444 0.053628
2 0.541111 0.492114 0.033333 0.050473
2 0.627778 0.600946 0.046667 0.047319
2 0.365556 0.774448 0.028889 0.047319
