1 0.671569 0.231752 0.039216 0.032847
1 0.634804 0.206204 0.053922 0.032847
1 0.598039 0.242701 0.029412 0.032847
1 0.615196 0.268248 0.044118 0.047445
1 0.544118 0.259124 0.078431 0.036496
1 0.517157 0.273723 0.024510 0.036496
1 0.735294 0.465328 0.068627 0.047445
1 0.441176 0.428832 0.049020 0.040146
1 0.519608 0.458029 0.039216 0.032847
1 0.566176 0.445255 0.024510 0.029197
1 0.602941 0.467153 0.039216 0.021898
1 0.639706 0.436131 0.034314 0.040146
1 0.497549 0.414234 0.083333 0.047445
1 0.441176 0.527372 0.029412 0.025547
1 0.313725 0.534672 0.049020 0.025547
1 0.303922 0.558394 0.039216 0.029197
1 0.343137 0.587591 0.049020 0.036496
1 0.352941 0.625912 0.049020 0.040146
1 0.387255 0.569343 0.029412 0.029197
1 0.421569 0.565693 0.039216 0.029197
1 0.352941 0.538321 0.039216 0.032847
1 0.397059 0.541971 0.039216 0.025547
1 0.504902 0.518248 0.058824 0.051095
1 0.573529 0.547445 0.039216 0.036496
1 0.514706 0.587591 0.058824 0.043796
1 0.718137 0.549270 0.044118 0.047445
1 0.698529 0.614964 0.053922 0.040146
1 0.688725 0.645985 0.044118 0.043796
1 0.651961 0.635036 0.049020 0.036496
1 0.411765 0.649635 0.019608 0.029197
1 0.414216 0.609489 0.044118 0.029197
1 0.335784 0.669708 0.053922 0.047445
1 0.360294 0.718978 0.063725 0.051095
1 0.284314 0.682482 0.039216 0.029197
1 0.237745 0.660584 0.034314 0.029197
1 0.661765 0.720803 0.058824 0.032847
1 0.661765 0.684307 0.039216 0.032847
1 0.426471 0.733577 0.039216 0.029197
1 0.529412 0.821168 0.049020 0.043796
1 0.590686 0.821168 0.063725 0.058394
1 0.666667 0.832117 0.058824 0.043796
1 0.808824 0.799270 0.039216 0.036496
1 0.769608 0.744526 0.039216 0.051095
1 0.666667 0.890511 0.058824 0.036496
1 0.708333 0.919708 0.053922 0.043796
1 0.757353 0.897810 0.044118 0.036496
1 0.764706 0.868613 0.058824 0.051095
1 0.465686 0.855839 0.039216 0.032847
1 0.460784 0.804745 0.058824 0.040146
1 0.370098 0.773723 0.034314 0.036496
1 0.539216 0.335766 0.049020 0.036496
1 0.556373 0.291971 0.034314 0.043796
1 0.590686 0.386861 0.073529 0.051095
1 0.382353 0.459854 0.068627 0.036496
1 0.384804 0.500000 0.073529 0.036496
1 0.299020 0.598540 0.039216 0.029197
1 0.463235 0.675182 0.053922 0.058394
1 0.517157 0.642336 0.093137 0.058394
1 0.605392 0.587591 0.073529 0.051095
1 0.649510 0.591241 0.063725 0.029197
1 0.482843 0.733577 0.053922 0.051095
1 0.517157 0.748175 0.053922 0.029197
1 0.575980 0.731752 0.093137 0.047445
1 0.541667 0.781022 0.034314 0.029197
