3 0.522654 0.873987 0.019602 0.033275
3 0.547237 0.894965 0.029563 0.026620
3 0.484415 0.861834 0.027314 0.039641
3 0.595276 0.813079 0.036954 0.031250
3 0.568123 0.845197 0.032134 0.024306
3 0.580495 0.869647 0.036954 0.033275
3 0.643316 0.851852 0.034704 0.037616
3 0.683965 0.819734 0.066517 0.035301
3 0.423040 0.824074 0.036954 0.039931
3 0.468509 0.826389 0.044344 0.044560
3 0.368734 0.821904 0.061375 0.044271
3 0.339171 0.897280 0.046594 0.031250
3 0.336600 0.861834 0.022172 0.026331
3 0.379820 0.868490 0.044344 0.044271
