1 0.586149 0.139098 0.064189 0.052632
1 0.515203 0.129073 0.070946 0.037594
1 0.349662 0.165414 0.057432 0.050125
1 0.500000 0.192982 0.060811 0.050125
1 0.435811 0.203008 0.060811 0.065163
1 0.467905 0.129073 0.070946 0.057644
1 0.375000 0.238095 0.054054 0.035088
1 0.361486 0.299499 0.074324 0.047619
1 0.278716 0.279449 0.043919 0.022556
1 0.278716 0.320802 0.043919 0.040100
1 0.363176 0.359649 0.077703 0.057644
1 0.219595 0.355890 0.067568 0.045113
1 0.302365 0.397243 0.043919 0.037594
1 0.185811 0.392231 0.060811 0.037594
1 0.123311 0.437343 0.057432 0.042607
1 0.131757 0.500000 0.067568 0.047619
1 0.103041 0.525063 0.077703 0.052632
1 0.412162 0.427318 0.094595 0.052632
1 0.152027 0.617794 0.087838 0.057644
1 0.542230 0.506266 0.064189 0.050125
1 0.217905 0.696742 0.084459 0.050125
1 0.067568 0.730576 0.067568 0.057644
1 0.168919 0.814536 0.047297 0.035088
1 0.645270 0.789474 0.047297 0.050125
1 0.814189 0.798246 0.108108 0.037594
1 0.787162 0.748120 0.060811 0.047619
1 0.753378 0.676692 0.087838 0.055138
1 0.643581 0.679198 0.070946 0.055138
1 0.751689 0.533835 0.077703 0.055138
1 0.820946 0.601504 0.081081 0.055138
1 0.934122 0.812030 0.077703 0.040100
1 0.842905 0.862155 0.050676 0.040100
1 0.847973 0.934837 0.108108 0.040100
1 0.859797 0.974937 0.091216 0.040100
1 0.717905 0.862155 0.091216 0.055138
1 0.496622 0.690476 0.087838 0.047619
1 0.434122 0.748120 0.097973 0.042607
1 0.464527 0.798246 0.037162 0.047619
1 0.643581 0.576441 0.070946 0.045113
1 0.557432 0.844612 0.074324 0.055138
1 0.628378 0.897243 0.060811 0.060150
1 0.755068 0.944862 0.084459 0.070175
1 0.476351 0.849624 0.094595 0.060150
1 0.344595 0.754386 0.121622 0.040100
1 0.344595 0.684211 0.094595 0.065163
1 0.255068 0.629073 0.064189 0.050125
1 0.359797 0.596491 0.097973 0.065163
1 0.407095 0.543860 0.084459 0.060150
1 0.373311 0.507519 0.050676 0.047619
1 0.260135 0.542607 0.047297 0.032581
1 0.199324 0.552632 0.067568 0.052632
1 0.304054 0.459900 0.074324 0.022556
1 0.231419 0.464912 0.070946 0.082707
