1 0.662222 0.209167 0.057778 0.048333
1 0.558889 0.146667 0.082222 0.106667
1 0.523333 0.223333 0.104444 0.053333
1 0.632222 0.266667 0.077778 0.056667
1 0.458889 0.043333 0.046667 0.040000
1 0.524444 0.070833 0.062222 0.051667
1 0.604444 0.080833 0.066667 0.075000
1 0.680000 0.352500 0.066667 0.051667
1 0.664444 0.415000 0.080000 0.053333
1 0.501111 0.364167 0.122222 0.045000
1 0.477778 0.310833 0.097778 0.048333
1 0.402222 0.307500 0.124444 0.068333
1 0.303333 0.300833 0.104444 0.055000
1 0.350000 0.570833 0.068889 0.048333
1 0.353333 0.653333 0.062222 0.060000
1 0.528889 0.625000 0.053333 0.050000
1 0.597778 0.548333 0.080000 0.063333
1 0.645556 0.508333 0.073333 0.053333
1 0.693333 0.559167 0.102222 0.048333
1 0.743333 0.483333 0.086667 0.063333
1 0.767778 0.354167 0.073333 0.055000
1 0.780000 0.417500 0.053333 0.048333
1 0.487778 0.404167 0.077778 0.035000
1 0.617778 0.352500 0.035556 0.041667
1 0.260000 0.711667 0.031111 0.043333
1 0.187778 0.844167 0.068889 0.041667
1 0.523333 0.547500 0.060000 0.028333
1 0.526667 0.843333 0.071111 0.036667
1 0.597778 0.830000 0.097778 0.043333
1 0.544444 0.742500 0.080000 0.058333
1 0.478889 0.691667 0.060000 0.030000
1 0.192222 0.433333 0.068889 0.056667
1 0.254444 0.406667 0.077778 0.066667
1 0.260000 0.453333 0.066667 0.040000
1 0.208889 0.489167 0.080000 0.041667
1 0.227778 0.585833 0.095556 0.071667
1 0.323333 0.380000 0.073333 0.053333
1 0.366667 0.430833 0.071111 0.075000
1 0.371111 0.485000 0.057778 0.026667
1 0.446667 0.478333 0.066667 0.050000
1 0.404444 0.609167 0.071111 0.038333
1 0.472222 0.637500 0.064444 0.048333
1 0.700000 0.610000 0.062222 0.040000
1 0.733333 0.685833 0.057778 0.045000
1 0.648889 0.686667 0.084444 0.033333
1 0.637778 0.741667 0.080000 0.030000
1 0.647778 0.786667 0.077778 0.050000
1 0.576667 0.319167 0.077778 0.028333
1 0.592222 0.287500 0.086667 0.028333
1 0.321111 0.100833 0.046667 0.025000
1 0.394444 0.249167 0.064444 0.045000
1 0.215556 0.345833 0.062222 0.038333
