1 0.583237 0.348235 0.013696 0.035590
1 0.558738 0.368490 0.028742 0.035590
1 0.584105 0.381221 0.018519 0.030382
1 0.622106 0.492911 0.027006 0.035590
1 0.585841 0.529803 0.021991 0.032986
1 0.580633 0.556279 0.021991 0.050637
1 0.552758 0.574074 0.027199 0.045718
1 0.521508 0.557726 0.018711 0.022859
1 0.514660 0.586806 0.018519 0.035301
1 0.524884 0.608362 0.021991 0.022859
1 0.552758 0.617332 0.010224 0.035590
1 0.570505 0.600694 0.015239 0.027778
1 0.502025 0.689670 0.027199 0.022859
1 0.482542 0.713686 0.015239 0.015336
1 0.540992 0.678241 0.010224 0.020255
1 0.566358 0.658999 0.030478 0.043113
1 0.463059 0.321615 0.023727 0.043113
1 0.434317 0.299913 0.016782 0.035590
1 0.440201 0.264468 0.021991 0.040509
1 0.542631 0.343171 0.027006 0.060764
1 0.602720 0.424334 0.025270 0.050637
1 0.487654 0.678096 0.025463 0.030382
