2 0.571819 0.194444 0.039524 0.035301
2 0.408098 0.269821 0.046915 0.030961
2 0.813143 0.361834 0.034383 0.024595
2 0.779884 0.472656 0.032134 0.028646
2 0.808323 0.508102 0.024743 0.024306
2 0.804627 0.535880 0.046915 0.026620
2 0.847686 0.563657 0.034704 0.024306
2 0.772654 0.583623 0.036954 0.024306
2 0.741806 0.565828 0.034383 0.033275
2 0.722044 0.640191 0.029563 0.044271
2 0.751607 0.637876 0.029563 0.026331
2 0.751607 0.671152 0.034704 0.030961
2 0.781170 0.654514 0.039203 0.028935
2 0.816999 0.686632 0.036954 0.031250
2 0.851382 0.698785 0.031812 0.028935
2 0.611183 0.664497 0.059126 0.048900
2 0.522654 0.643374 0.034383 0.055266
2 0.538560 0.696615 0.032134 0.028646
2 0.581780 0.725550 0.054306 0.033275
2 0.603952 0.763166 0.054306 0.041956
2 0.638335 0.718895 0.039524 0.019965
2 0.686375 0.790943 0.041774 0.044271
2 0.634640 0.798756 0.061697 0.046586
2 0.665328 0.843027 0.049165 0.033275
2 0.558323 0.862847 0.046594 0.037616
2 0.499197 0.953848 0.061375 0.037905
2 0.613753 0.927228 0.049486 0.041956
2 0.675289 0.913918 0.009961 0.006655
2 0.664203 0.897280 0.041774 0.035301
