2 0.389621 0.130064 0.063946 0.035590
2 0.436375 0.114583 0.053985 0.035301
2 0.404563 0.158999 0.059126 0.030961
2 0.393316 0.206597 0.056555 0.042245
2 0.318284 0.229890 0.054306 0.057581
2 0.446176 0.179977 0.049165 0.042245
2 0.525064 0.178964 0.029563 0.048900
2 0.584190 0.165509 0.059126 0.039931
2 0.803342 0.335214 0.044344 0.055266
2 0.790970 0.426071 0.049165 0.055266
2 0.812018 0.584635 0.041774 0.035590
2 0.810733 0.630208 0.044344 0.037616
2 0.803342 0.676649 0.049486 0.046586
2 0.746787 0.678819 0.044344 0.050926
2 0.686375 0.619068 0.056555 0.046586
2 0.671594 0.669994 0.061697 0.068576
2 0.616163 0.642361 0.054306 0.053241
2 0.537436 0.648872 0.063946 0.057581
2 0.579210 0.708912 0.054306 0.039931
2 0.598972 0.769821 0.068766 0.051215
2 0.635122 0.226128 0.057519 0.043113
