1 0.154402 0.302951 0.036954 0.039931
1 0.181555 0.303096 0.046915 0.035590
1 0.184126 0.331887 0.056555 0.048611
1 0.193766 0.379485 0.056555 0.046586
1 0.132391 0.388455 0.061697 0.037905
1 0.131105 0.443866 0.053985 0.042245
1 0.134801 0.483796 0.061375 0.055556
1 0.145887 0.510417 0.044344 0.037616
1 0.121305 0.540365 0.039524 0.030961
1 0.165649 0.541377 0.063946 0.037616
1 0.158098 0.563513 0.044344 0.046586
1 0.192641 0.569155 0.049165 0.035301
1 0.105238 0.591291 0.056877 0.035590
1 0.115199 0.664497 0.051735 0.030961
1 0.148458 0.633536 0.073907 0.044271
1 0.155688 0.668981 0.034383 0.053241
1 0.197622 0.668837 0.059126 0.035590
1 0.213528 0.770978 0.061375 0.070891
1 0.326799 0.562500 0.056555 0.057870
1 0.373715 0.591435 0.076478 0.053241
1 0.416774 0.571325 0.049486 0.030961
1 0.367609 0.620226 0.029563 0.022280
1 0.421594 0.665654 0.044344 0.041956
1 0.287436 0.645544 0.066517 0.037616
1 0.264139 0.713252 0.029563 0.039931
1 0.308483 0.728877 0.059126 0.066551
1 0.361343 0.776476 0.071658 0.046586
1 0.278760 0.815394 0.049165 0.039931
1 0.316999 0.828559 0.056877 0.070891
1 0.436375 0.752025 0.059126 0.082176
1 0.527474 0.735388 0.069087 0.044271
1 0.441356 0.895110 0.078728 0.035590
1 0.462404 0.930556 0.056555 0.053241
1 0.526350 0.890625 0.056555 0.061921
1 0.299807 0.305266 0.046915 0.057870
1 0.254177 0.299769 0.059126 0.068866
1 0.228470 0.244358 0.056555 0.059896
1 0.252892 0.188802 0.056555 0.046586
1 0.290006 0.129051 0.036954 0.037616
1 0.337886 0.202112 0.049165 0.046586
1 0.395887 0.199942 0.041774 0.037616
1 0.483130 0.167824 0.049165 0.053241
1 0.491806 0.227720 0.051735 0.039931
1 0.566838 0.201100 0.044344 0.048611
1 0.543541 0.252025 0.061375 0.035301
1 0.634640 0.162326 0.046915 0.037616
1 0.637211 0.120081 0.056555 0.050926
1 0.648297 0.203270 0.049165 0.035590
1 0.658098 0.266493 0.044344 0.037616
1 0.674004 0.621383 0.051735 0.046586
1 0.704852 0.575810 0.049165 0.044560
