3 0.363753 0.209925 0.056555 0.044271
3 0.703567 0.156829 0.042095 0.039931
3 0.805752 0.255498 0.078728 0.050926
3 0.788560 0.337384 0.064267 0.028935
3 0.866163 0.350694 0.061375 0.042245
3 0.831620 0.532552 0.056555 0.033275
3 0.853952 0.564670 0.051735 0.035590
3 0.758997 0.627894 0.049486 0.046296
3 0.807037 0.692274 0.036954 0.046586
3 0.754177 0.703270 0.044344 0.059896
3 0.717063 0.780816 0.083869 0.046586
3 0.719634 0.825231 0.039524 0.037616
3 0.765103 0.856337 0.041774 0.028646
3 0.799647 0.820891 0.051735 0.037616
3 0.654242 0.909433 0.041774 0.037616
