2 0.606250 0.236000 0.076786 0.040000
2 0.459821 0.300000 0.087500 0.053333
2 0.419643 0.326000 0.025000 0.025333
2 0.245536 0.278667 0.062500 0.040000
2 0.140179 0.292667 0.048214 0.038667
2 0.273214 0.218000 0.067857 0.036000
2 0.475893 0.232667 0.058929 0.046667
2 0.342857 0.098667 0.071429 0.040000
2 0.297321 0.343333 0.041071 0.041333
2 0.350893 0.358000 0.048214 0.030667
2 0.321429 0.400000 0.053571 0.026667
2 0.482143 0.438000 0.078571 0.036000
2 0.540179 0.484667 0.091071 0.044000
2 0.408036 0.460667 0.058929 0.060000
2 0.102679 0.110000 0.062500 0.044000
2 0.092857 0.024000 0.082143 0.037333
2 0.261607 0.054000 0.094643 0.097333
2 0.591964 0.286000 0.101786 0.046667
2 0.583929 0.324667 0.050000 0.049333
2 0.499107 0.375333 0.062500 0.044000
2 0.327679 0.310667 0.069643 0.056000
2 0.283929 0.448000 0.067857 0.064000
2 0.357143 0.460000 0.078571 0.053333
2 0.119643 0.542000 0.064286 0.052000
2 0.447321 0.555333 0.098214 0.049333
