2 0.275064 0.653356 0.012211 0.035301
2 0.376125 0.838542 0.042095 0.032986
2 0.447622 0.836372 0.026992 0.028646
2 0.540970 0.697627 0.022172 0.026620
2 0.592866 0.697627 0.032134 0.026620
2 0.677699 0.681134 0.039203 0.037616
2 0.752892 0.703270 0.032134 0.028646
2 0.752892 0.746528 0.046915 0.048611
2 0.693605 0.629051 0.036954 0.021991
2 0.674165 0.535880 0.041774 0.035301
2 0.852667 0.533709 0.039524 0.035590
2 0.793541 0.504919 0.034383 0.039931
2 0.807037 0.457176 0.036954 0.024306
2 0.691356 0.339699 0.051735 0.050926
2 0.693766 0.288628 0.046915 0.037905
2 0.513978 0.266493 0.046594 0.050926
2 0.477024 0.316406 0.042095 0.030961
2 0.671594 0.798611 0.036632 0.028935
2 0.666613 0.753183 0.051735 0.048611
2 0.421754 0.927228 0.034383 0.051215
2 0.563303 0.731047 0.032134 0.030961
