1 0.811594 0.475543 0.026087 0.035870
1 0.671739 0.439130 0.047826 0.028261
1 0.681884 0.472283 0.056522 0.038043
1 0.610870 0.455978 0.027536 0.040217
1 0.687681 0.539674 0.050725 0.044565
1 0.710870 0.587500 0.062319 0.038043
1 0.700725 0.721739 0.053623 0.034783
1 0.738406 0.750543 0.068116 0.014130
1 0.602174 0.689674 0.033333 0.042391
1 0.589130 0.620109 0.071014 0.057609
1 0.545652 0.573370 0.027536 0.044565
1 0.600725 0.567935 0.065217 0.046739
1 0.461594 0.610870 0.036232 0.030435
1 0.517391 0.622826 0.034783 0.023913
1 0.497101 0.650543 0.040580 0.044565
1 0.390580 0.664130 0.047826 0.026087
1 0.477536 0.716304 0.044928 0.036957
1 0.510145 0.725543 0.031884 0.051087
1 0.569565 0.736413 0.049275 0.038043
1 0.373913 0.622826 0.026087 0.023913
1 0.412319 0.592935 0.056522 0.066304
1 0.430435 0.555435 0.049275 0.030435
1 0.489130 0.575543 0.073913 0.053261
1 0.457246 0.522283 0.027536 0.031522
1 0.517391 0.513587 0.034783 0.040217
1 0.442754 0.459239 0.050725 0.046739
1 0.476087 0.484239 0.047826 0.040217
1 0.363768 0.454891 0.046377 0.042391
1 0.399275 0.484239 0.053623 0.048913
1 0.436232 0.378804 0.043478 0.042391
1 0.521739 0.330435 0.026087 0.045652
1 0.582609 0.286957 0.046377 0.034783
1 0.678986 0.317935 0.044928 0.027174
1 0.702174 0.281522 0.050725 0.045652
1 0.735507 0.235326 0.050725 0.038043
1 0.735507 0.190761 0.050725 0.055435
1 0.347826 0.571196 0.060870 0.044565
1 0.292029 0.615217 0.056522 0.034783
1 0.412319 0.704891 0.050725 0.042391
1 0.551449 0.671739 0.062319 0.041304
1 0.436232 0.659239 0.037681 0.044565
1 0.875362 0.441848 0.057971 0.053261
1 0.792029 0.644022 0.071014 0.061957
1 0.716667 0.783152 0.079710 0.055435
1 0.699275 0.645109 0.085507 0.059783
1 0.800000 0.419565 0.049275 0.032609
1 0.844928 0.494565 0.052174 0.043478
1 0.889130 0.505978 0.053623 0.035870
1 0.569565 0.491304 0.066667 0.039130
1 0.802899 0.692935 0.057971 0.040217
1 0.360870 0.683696 0.057971 0.036957
1 0.657971 0.617391 0.057971 0.041304
1 0.286957 0.543478 0.049275 0.036957
1 0.314493 0.462500 0.046377 0.031522
1 0.372464 0.365761 0.046377 0.027174
1 0.497826 0.371739 0.053623 0.032609
1 0.476812 0.338043 0.049275 0.034783
1 0.347826 0.636957 0.031884 0.023913
1 0.331884 0.653261 0.040580 0.023913
1 0.272464 0.677174 0.031884 0.028261
1 0.306522 0.674457 0.044928 0.033696
1 0.413768 0.751087 0.044928 0.026087
1 0.615217 0.539674 0.042029 0.035870
1 0.709420 0.388587 0.036232 0.027174
1 0.797101 0.503804 0.040580 0.029348
