2 0.656861 0.495404 0.025448 0.025735
2 0.630599 0.541207 0.023819 0.035846
2 0.648310 0.578125 0.038884 0.053309
2 0.609426 0.588388 0.035627 0.053615
2 0.612785 0.618873 0.032166 0.033088
2 0.530741 0.631740 0.020358 0.033088
2 0.576445 0.616422 0.027077 0.033088
2 0.501221 0.659620 0.032166 0.043505
2 0.521376 0.682445 0.021987 0.043199
2 0.542549 0.737286 0.020358 0.051164
2 0.567182 0.690104 0.018730 0.038297
2 0.596804 0.692708 0.027077 0.037990
2 0.585810 0.755208 0.028705 0.035539
2 0.616246 0.729626 0.028909 0.051164
2 0.634874 0.682445 0.028705 0.043199
2 0.573086 0.849265 0.023616 0.045956
2 0.611156 0.654412 0.025244 0.048407
2 0.678848 0.513174 0.042142 0.045956
2 0.669585 0.552696 0.030537 0.048407
2 0.385790 0.199449 0.028502 0.035539
2 0.453787 0.560968 0.024430 0.042892
