2 0.083066 0.452691 0.031812 0.028646
2 0.121144 0.449363 0.044344 0.035301
2 0.177860 0.514757 0.054306 0.028935
2 0.118734 0.589120 0.034383 0.044560
2 0.196337 0.632234 0.041774 0.050926
2 0.235701 0.610243 0.031812 0.037616
2 0.344152 0.559172 0.041774 0.037905
2 0.356523 0.611256 0.051735 0.035590
2 0.273779 0.656684 0.029563 0.028646
2 0.241967 0.673322 0.053985 0.039931
2 0.282455 0.684462 0.032134 0.030961
2 0.303503 0.705584 0.039524 0.033275
2 0.340456 0.638889 0.049165 0.024306
2 0.436375 0.663339 0.044344 0.033275
2 0.342866 0.765336 0.053985 0.055556
2 0.382230 0.682147 0.054306 0.030961
2 0.200032 0.354167 0.039524 0.039931
2 0.241806 0.376302 0.039524 0.035590
2 0.286311 0.284288 0.044344 0.033275
2 0.309608 0.321904 0.042095 0.041956
2 0.302699 0.642650 0.037918 0.034144
