2 0.722000 0.028139 0.040000 0.051948
2 0.726000 0.087662 0.032000 0.045455
2 0.548000 0.158009 0.048000 0.051948
2 0.504000 0.232684 0.044000 0.049784
2 0.405000 0.285714 0.038000 0.034632
2 0.401000 0.245671 0.046000 0.045455
2 0.365000 0.482684 0.050000 0.038961
2 0.456000 0.501082 0.064000 0.054113
2 0.417000 0.553030 0.038000 0.032468
2 0.419000 0.579004 0.026000 0.049784
2 0.447000 0.576840 0.038000 0.032468
2 0.396000 0.609307 0.040000 0.049784
2 0.334000 0.637446 0.036000 0.036797
2 0.280000 0.635281 0.032000 0.049784
2 0.408000 0.655844 0.032000 0.043290
2 0.385000 0.699134 0.042000 0.043290
2 0.296000 0.744589 0.044000 0.047619
2 0.454000 0.669913 0.028000 0.054113
2 0.502000 0.625541 0.052000 0.047619
2 0.505000 0.655844 0.050000 0.047619
2 0.507000 0.712121 0.038000 0.043290
2 0.578000 0.651515 0.048000 0.043290
2 0.573000 0.601732 0.042000 0.038961
2 0.744000 0.508658 0.048000 0.047619
2 0.549000 0.790043 0.022000 0.034632
2 0.545000 0.867965 0.042000 0.043290
2 0.670000 0.888528 0.040000 0.036797
2 0.734000 0.932900 0.056000 0.038961
2 0.632000 0.792208 0.036000 0.038961
2 0.602000 0.814935 0.040000 0.054113
2 0.453000 0.162338 0.054000 0.051948
