3 0.437661 0.751013 0.051414 0.035590
3 0.468348 0.895110 0.049165 0.048900
3 0.475739 0.943866 0.039524 0.035301
3 0.615039 0.951678 0.032134 0.028935
3 0.642031 0.824219 0.041774 0.044271
3 0.706138 0.736545 0.036954 0.046586
3 0.825514 0.678819 0.064267 0.050926
3 0.831620 0.621383 0.032134 0.033275
3 0.891870 0.514902 0.049165 0.046586
3 0.630945 0.328559 0.049165 0.051215
3 0.409383 0.347512 0.059126 0.053241
3 0.413078 0.433883 0.056877 0.066262
3 0.522654 0.285301 0.034383 0.031250
3 0.427699 0.237703 0.041774 0.041956
3 0.406973 0.198929 0.063946 0.044271
3 0.508997 0.147859 0.056555 0.031250
3 0.454852 0.136719 0.031812 0.030961
3 0.517674 0.201100 0.059126 0.044560
3 0.345276 0.215422 0.049165 0.033275
