2 0.673758 0.359222 0.049064 0.068934
2 0.676303 0.243260 0.030537 0.071078
2 0.639862 0.168199 0.032166 0.053309
2 0.630599 0.119792 0.033998 0.043505
2 0.625611 0.239430 0.033795 0.043199
2 0.588355 0.145221 0.033795 0.037990
2 0.545094 0.612592 0.025448 0.056066
2 0.536747 0.655790 0.038884 0.040748
2 0.541735 0.683824 0.032166 0.045956
2 0.507940 0.704197 0.028909 0.056066
2 0.535016 0.720741 0.018730 0.033395
2 0.506209 0.625153 0.015269 0.056066
2 0.430171 0.570466 0.032166 0.043505
2 0.449511 0.597273 0.020358 0.040748
2 0.410627 0.597273 0.020358 0.035846
2 0.409813 0.630362 0.039088 0.045650
2 0.447883 0.666054 0.030537 0.045956
2 0.453787 0.730852 0.021987 0.027880
2 0.455415 0.778033 0.032166 0.035846
2 0.440248 0.354013 0.018526 0.043199
2 0.476690 0.584559 0.037256 0.050858
2 0.481779 0.640472 0.037256 0.060968
