2 0.516388 0.202257 0.041774 0.042245
2 0.653117 0.157841 0.049165 0.041956
2 0.783580 0.356337 0.049165 0.048900
2 0.791131 0.408420 0.044344 0.051215
2 0.873554 0.421730 0.051735 0.028646
2 0.304627 0.584635 0.056555 0.048900
2 0.733130 0.616898 0.061375 0.050926
2 0.761407 0.689959 0.054306 0.019965
2 0.733130 0.708767 0.042095 0.030961
2 0.637211 0.794271 0.046915 0.055556
2 0.672719 0.751013 0.049165 0.035590
2 0.693605 0.798756 0.051735 0.033275
2 0.699871 0.827546 0.053985 0.024306
2 0.659383 0.873987 0.056555 0.037905
2 0.670308 0.917245 0.053985 0.035301
2 0.713528 0.875000 0.036954 0.039931
2 0.751607 0.877315 0.049486 0.048611
2 0.794666 0.875145 0.032134 0.044271
2 0.830334 0.845197 0.029563 0.028935
2 0.866003 0.818576 0.056555 0.050926
2 0.730559 0.742043 0.036954 0.030961
2 0.739235 0.763166 0.049165 0.028646
2 0.792256 0.767650 0.042095 0.028935
2 0.749197 0.788628 0.024743 0.022280
2 0.784865 0.792101 0.027314 0.019965
2 0.807037 0.823061 0.066517 0.033275
