1 0.552980 0.087372 0.052980 0.063142
1 0.399007 0.337004 0.072848 0.077827
1 0.557119 0.477239 0.071192 0.052863
1 0.563742 0.707783 0.057947 0.070485
1 0.528146 0.789280 0.023179 0.036711
1 0.532285 0.761380 0.064570 0.045521
1 0.349338 0.696035 0.069536 0.058737
1 0.735927 0.758443 0.038079 0.051395
1 0.830298 0.889868 0.034768 0.035242
1 0.815397 0.950808 0.054636 0.060206
1 0.730132 0.372981 0.049669 0.070485
1 0.673841 0.465492 0.062914 0.049927
1 0.619205 0.516153 0.059603 0.086637
1 0.701987 0.565345 0.059603 0.055800
1 0.774834 0.591777 0.036424 0.064611
1 0.706126 0.617474 0.041391 0.048458
1 0.705298 0.661527 0.089404 0.071953
1 0.567053 0.632159 0.094371 0.042584
1 0.467715 0.572687 0.074503 0.105727
1 0.359272 0.445668 0.069536 0.086637
1 0.273179 0.513950 0.102649 0.091043
1 0.449503 0.668135 0.084437 0.061674
1 0.499172 0.766520 0.014901 0.017621
1 0.598510 0.850220 0.041391 0.058737
1 0.730132 0.843612 0.079470 0.054332
1 0.792219 0.386931 0.054636 0.071953
