1 0.522135 0.232407 0.020313 0.024074
1 0.488281 0.182870 0.033854 0.069444
1 0.533073 0.158796 0.025521 0.056481
1 0.618490 0.162037 0.036979 0.062963
1 0.659896 0.188889 0.032292 0.057407
1 0.619531 0.101389 0.025521 0.045370
1 0.557813 0.104630 0.040625 0.057407
1 0.504427 0.350000 0.022396 0.053704
1 0.694792 0.611574 0.027083 0.030556
1 0.747917 0.625000 0.032292 0.057407
1 0.766667 0.658333 0.029167 0.014815
1 0.705729 0.876389 0.025000 0.036111
1 0.714844 0.915278 0.033854 0.060185
1 0.749740 0.856944 0.025521 0.050926
1 0.652344 0.871759 0.020313 0.069444
1 0.786979 0.495833 0.035417 0.063889
1 0.755729 0.550000 0.030208 0.057407
1 0.625521 0.694444 0.040625 0.057407
1 0.658333 0.697222 0.032292 0.027778
1 0.659115 0.730093 0.033854 0.026852
1 0.709896 0.817593 0.013542 0.068519
1 0.675260 0.802315 0.031771 0.026852
1 0.726823 0.792130 0.020313 0.030556
1 0.736198 0.746759 0.025521 0.036111
1 0.745573 0.822222 0.030729 0.029630
1 0.759896 0.773611 0.032292 0.036111
1 0.759896 0.737963 0.021875 0.018519
1 0.766667 0.689815 0.035417 0.042593
1 0.741406 0.689815 0.011979 0.042593
1 0.725260 0.730093 0.020313 0.026852
1 0.682031 0.682407 0.018229 0.033333
1 0.695573 0.662963 0.035937 0.048148
1 0.706771 0.712037 0.027083 0.057407
1 0.622135 0.638889 0.020313 0.048148
1 0.415625 0.655093 0.037500 0.032407
1 0.428125 0.694444 0.018750 0.038889
1 0.651823 0.588889 0.019271 0.031481
1 0.555729 0.243519 0.025000 0.050000
1 0.466146 0.121296 0.022917 0.040741
1 0.509635 0.068519 0.040104 0.040741
1 0.586198 0.193056 0.032813 0.045370
1 0.734635 0.348611 0.042188 0.056481
1 0.788281 0.649537 0.027604 0.052778
1 0.698698 0.977315 0.041146 0.043519
1 0.657292 0.972685 0.038542 0.052778
1 0.672396 0.766204 0.032292 0.047222
1 0.650521 0.788426 0.031250 0.050926
1 0.676823 0.838426 0.024479 0.045370
1 0.395313 0.619444 0.023958 0.042593
1 0.408333 0.769907 0.028125 0.054630
1 0.446875 0.259259 0.034375 0.055556
1 0.726302 0.575000 0.019271 0.046296
1 0.711719 0.760648 0.025521 0.041667
1 0.722917 0.631944 0.023958 0.045370
1 0.647396 0.639815 0.025000 0.044444
1 0.515104 0.270370 0.028125 0.048148
