2 0.368734 0.671007 0.051735 0.026620
2 0.271369 0.620081 0.054306 0.026620
2 0.255463 0.637876 0.061697 0.044271
2 0.227185 0.677807 0.083548 0.044271
2 0.186536 0.609086 0.081298 0.021991
2 0.175450 0.662326 0.053985 0.035301
2 0.134801 0.623553 0.066517 0.028935
2 0.097847 0.662326 0.051735 0.053241
2 0.175450 0.746528 0.068766 0.048611
2 0.181555 0.826389 0.086118 0.026620
2 0.238271 0.781973 0.061375 0.022280
2 0.258997 0.815249 0.029563 0.048900
2 0.234415 0.887297 0.049165 0.024595
2 0.304627 0.826389 0.056555 0.066551
2 0.639621 0.192274 0.096080 0.075521
2 0.697461 0.242043 0.093509 0.068576
2 0.357005 0.746817 0.033419 0.028935
2 0.158740 0.548756 0.044344 0.037905
2 0.322140 0.575810 0.038882 0.031829
2 0.084351 0.510995 0.037596 0.031829
2 0.247911 0.759838 0.043380 0.028935
