2 0.300000 0.496599 0.072727 0.047619
2 0.197727 0.467687 0.059091 0.057823
2 0.525000 0.843537 0.077273 0.054422
2 0.954545 0.777211 0.072727 0.051020
2 0.831818 0.748299 0.081818 0.047619
2 0.802273 0.872449 0.095455 0.057823
2 0.554545 0.214286 0.063636 0.061224
2 0.250000 0.136054 0.109091 0.088435
2 0.525000 0.132653 0.095455 0.061224
2 0.738636 0.236395 0.104545 0.057823
2 0.597727 0.312925 0.095455 0.068027
2 0.718182 0.335034 0.100000 0.078231
2 0.831818 0.369048 0.063636 0.051020
2 0.913636 0.442177 0.072727 0.074830
2 0.350000 0.348639 0.100000 0.078231
2 0.431818 0.386054 0.081818 0.071429
2 0.502273 0.367347 0.068182 0.054422
2 0.590909 0.408163 0.072727 0.054422
2 0.643182 0.474490 0.068182 0.037415
2 0.643182 0.523810 0.086364 0.068027
2 0.647727 0.612245 0.059091 0.054422
2 0.711364 0.610544 0.040909 0.044218
2 0.865909 0.593537 0.050000 0.057823
2 0.888636 0.680272 0.077273 0.040816
2 0.597727 0.761905 0.131818 0.088435
2 0.679545 0.683673 0.068182 0.040816
2 0.493182 0.698980 0.086364 0.057823
2 0.359091 0.656463 0.054545 0.034014
2 0.240909 0.559524 0.081818 0.057823
2 0.413636 0.581633 0.100000 0.047619
2 0.488636 0.568027 0.059091 0.040816
2 0.515909 0.622449 0.077273 0.054422
