1 0.571014 0.334783 0.057971 0.041304
1 0.564493 0.295109 0.076812 0.051087
1 0.387681 0.350543 0.071014 0.033696
1 0.356522 0.419022 0.055072 0.055435
1 0.427536 0.404348 0.060870 0.013043
1 0.442754 0.446739 0.044928 0.030435
1 0.313768 0.466848 0.047826 0.035870
1 0.396377 0.466848 0.047826 0.022826
1 0.502899 0.435326 0.063768 0.040217
1 0.432609 0.488587 0.065217 0.044565
1 0.490580 0.476630 0.071014 0.042391
1 0.473188 0.514674 0.059420 0.038043
1 0.465942 0.552174 0.056522 0.041304
1 0.431884 0.567935 0.057971 0.046739
1 0.409420 0.613043 0.062319 0.043478
1 0.400725 0.649457 0.044928 0.038043
1 0.485507 0.617391 0.034783 0.030435
1 0.511594 0.660870 0.040580 0.032609
1 0.458696 0.670652 0.053623 0.039130
1 0.558696 0.699457 0.076812 0.048913
1 0.548551 0.613043 0.056522 0.030435
1 0.585507 0.646196 0.046377 0.040217
1 0.647826 0.633152 0.052174 0.044565
1 0.686232 0.610870 0.047826 0.039130
1 0.589130 0.786413 0.047826 0.040217
1 0.733333 0.669022 0.046377 0.053261
1 0.856522 0.616848 0.043478 0.046739
1 0.836957 0.664130 0.053623 0.039130
1 0.755797 0.542935 0.056522 0.038043
1 0.807971 0.521196 0.071014 0.051087
1 0.810870 0.595109 0.094203 0.053261
1 0.578261 0.442391 0.055072 0.047826
1 0.616667 0.444565 0.073913 0.052174
1 0.654348 0.403804 0.071014 0.046739
1 0.713043 0.400543 0.040580 0.040217
1 0.734783 0.446739 0.043478 0.039130
1 0.788406 0.428804 0.049275 0.044565
1 0.842754 0.432065 0.071014 0.055435
1 0.687681 0.466848 0.068116 0.061957
1 0.626812 0.540761 0.105797 0.064130
1 0.644928 0.685326 0.046377 0.051087
1 0.815217 0.627717 0.062319 0.042391
1 0.730435 0.121739 0.066667 0.054348
1 0.479710 0.395109 0.066667 0.033696
1 0.378986 0.499457 0.044928 0.044565
1 0.634783 0.759783 0.055072 0.034783
1 0.404348 0.539130 0.069565 0.032609
1 0.745652 0.384239 0.056522 0.042391
1 0.817391 0.376087 0.069565 0.043478
1 0.666667 0.805435 0.049275 0.032609
1 0.625362 0.800543 0.039130 0.033696
1 0.544203 0.754348 0.056522 0.045652
1 0.784058 0.739674 0.046377 0.033696
1 0.709420 0.704348 0.053623 0.045652
1 0.482609 0.265217 0.052174 0.045652
1 0.663043 0.282609 0.059420 0.032609
1 0.494928 0.585870 0.050725 0.039130
1 0.507246 0.550543 0.040580 0.033696
1 0.544203 0.527717 0.047826 0.044565
1 0.551449 0.582065 0.062319 0.040217
1 0.581884 0.494022 0.047826 0.040217
1 0.635507 0.491304 0.050725 0.050000
1 0.745652 0.500543 0.068116 0.044565
1 0.791304 0.479891 0.052174 0.029348
1 0.628986 0.595652 0.072464 0.032609
