1 0.424074 0.025788 0.040741 0.040115
1 0.455556 0.051576 0.044444 0.034384
1 0.461111 0.093123 0.092593 0.037249
1 0.431481 0.147564 0.077778 0.042980
1 0.359259 0.148997 0.029630 0.028653
1 0.394444 0.181948 0.025926 0.020057
1 0.585185 0.090258 0.059259 0.048711
1 0.551852 0.157593 0.051852 0.034384
1 0.614815 0.171920 0.059259 0.022923
1 0.596296 0.212034 0.051852 0.040115
1 0.518519 0.207736 0.081481 0.042980
1 0.474074 0.257880 0.081481 0.045845
1 0.659259 0.220630 0.059259 0.068768
1 0.550000 0.335244 0.085185 0.034384
1 0.698148 0.375358 0.062963 0.051576
1 0.492593 0.369628 0.074074 0.057307
1 0.516667 0.438395 0.070370 0.040115
1 0.420370 0.399713 0.062963 0.048711
1 0.346296 0.442693 0.085185 0.054441
1 0.357407 0.497135 0.085185 0.054441
1 0.224074 0.485673 0.077778 0.060172
1 0.292593 0.491404 0.051852 0.071633
1 0.450000 0.511461 0.077778 0.060172
1 0.542593 0.498567 0.055556 0.045845
1 0.616667 0.429799 0.055556 0.051576
1 0.625926 0.557307 0.081481 0.065903
1 0.551852 0.578797 0.074074 0.057307
1 0.537037 0.663324 0.059259 0.054441
1 0.590741 0.691977 0.077778 0.042980
1 0.487037 0.690544 0.070370 0.045845
1 0.435185 0.653295 0.048148 0.040115
1 0.401852 0.591691 0.055556 0.060172
1 0.309259 0.648997 0.055556 0.065903
1 0.285185 0.707736 0.074074 0.045845
1 0.331481 0.755014 0.062963 0.048711
1 0.224074 0.851003 0.048148 0.034384
1 0.464815 0.786533 0.048148 0.031519
1 0.144444 0.641834 0.051852 0.034384
1 0.392593 0.647564 0.044444 0.034384
1 0.396296 0.676218 0.051852 0.034384
1 0.635185 0.485673 0.062963 0.042980
1 0.468519 0.300860 0.048148 0.034384
1 0.538889 0.285100 0.062963 0.031519
1 0.337037 0.097421 0.051852 0.034384
1 0.255556 0.626074 0.059259 0.037249
1 0.340741 0.580229 0.066667 0.042980
1 0.381481 0.742120 0.051852 0.034384
1 0.251852 0.753582 0.051852 0.028653
1 0.301852 0.796562 0.055556 0.034384
1 0.464815 0.434097 0.055556 0.042980
1 0.420370 0.458453 0.048148 0.034384
1 0.181481 0.848138 0.051852 0.040115
1 0.296296 0.859599 0.051852 0.034384
1 0.387037 0.812321 0.048148 0.031519
1 0.459259 0.587393 0.059259 0.040115
1 0.487037 0.617479 0.062963 0.037249
1 0.507407 0.028653 0.059259 0.040115
1 0.370370 0.703438 0.051852 0.037249
1 0.314815 0.830946 0.059259 0.034384
1 0.270370 0.823782 0.051852 0.037249
1 0.196296 0.759312 0.051852 0.028653
1 0.181481 0.782235 0.051852 0.028653
1 0.146296 0.818052 0.048148 0.031519
