1 0.257009 0.838542 0.056075 0.031250
1 0.282710 0.883681 0.042056 0.045139
1 0.373832 0.845486 0.037383 0.031250
1 0.383178 0.805556 0.037383 0.041667
1 0.439252 0.784722 0.046729 0.041667
1 0.577103 0.800347 0.060748 0.052083
1 0.488318 0.781250 0.042056 0.048611
1 0.542056 0.861111 0.065421 0.034722
1 0.130841 0.503472 0.065421 0.041667
1 0.119159 0.555556 0.051402 0.048611
1 0.544393 0.656250 0.023364 0.020833
1 0.516355 0.664931 0.051402 0.052083
1 0.544393 0.744792 0.060748 0.052083
1 0.616822 0.663194 0.056075 0.069444
1 0.266355 0.583333 0.112150 0.055556
1 0.408879 0.230903 0.042056 0.038194
1 0.448598 0.194444 0.084112 0.048611
1 0.380841 0.147569 0.079439 0.052083
1 0.205607 0.272569 0.084112 0.045139
1 0.275701 0.157986 0.056075 0.045139
1 0.226636 0.211806 0.051402 0.062500
1 0.432243 0.609375 0.079439 0.059028
1 0.404206 0.656250 0.088785 0.027778
1 0.422897 0.685764 0.079439 0.045139
1 0.448598 0.729167 0.084112 0.048611
1 0.362150 0.715278 0.088785 0.048611
1 0.373832 0.767361 0.065421 0.055556
1 0.250000 0.684028 0.088785 0.048611
1 0.264019 0.812500 0.088785 0.034722
1 0.467290 0.887153 0.084112 0.065972
1 0.551402 0.333333 0.074766 0.048611
1 0.455607 0.307292 0.051402 0.031250
1 0.478972 0.335069 0.042056 0.031250
1 0.280374 0.260417 0.056075 0.041667
1 0.205607 0.770833 0.046729 0.034722
1 0.235981 0.753472 0.042056 0.034722
1 0.303738 0.751736 0.065421 0.038194
1 0.359813 0.881944 0.046729 0.027778
1 0.408879 0.895833 0.051402 0.027778
1 0.376168 0.925347 0.042056 0.024306
1 0.369159 0.909722 0.037383 0.027778
1 0.334112 0.916667 0.032710 0.027778
1 0.345794 0.947917 0.046729 0.027778
1 0.301402 0.939236 0.051402 0.031250
1 0.343458 0.631944 0.051402 0.034722
1 0.380841 0.302083 0.051402 0.034722
1 0.413551 0.293403 0.051402 0.038194
1 0.535047 0.381944 0.051402 0.041667
1 0.453271 0.140625 0.065421 0.038194
1 0.144860 0.703125 0.065421 0.031250
1 0.102804 0.684028 0.056075 0.034722
1 0.224299 0.493056 0.056075 0.027778
1 0.278037 0.644097 0.042056 0.031250
1 0.369159 0.605903 0.065421 0.045139
1 0.189252 0.859375 0.051402 0.045139
1 0.196262 0.819444 0.046729 0.027778
1 0.656542 0.723958 0.060748 0.052083
1 0.184579 0.746528 0.042056 0.027778
1 0.327103 0.793403 0.046729 0.045139
1 0.182243 0.559028 0.065421 0.055556
1 0.200935 0.522569 0.065421 0.038194
1 0.516355 0.260417 0.051402 0.041667
