2 0.352941 0.276423 0.058824 0.065041
2 0.328431 0.168699 0.049020 0.052846
2 0.394608 0.089431 0.083333 0.048780
2 0.394608 0.142276 0.034314 0.040650
2 0.272059 0.182927 0.083333 0.048780
2 0.215686 0.201220 0.058824 0.069106
2 0.384804 0.463415 0.053922 0.040650
2 0.372549 0.495935 0.029412 0.056911
2 0.325980 0.471545 0.073529 0.048780
2 0.330882 0.520325 0.053922 0.056911
2 0.200980 0.510163 0.068627 0.052846
2 0.154412 0.500000 0.063725 0.056911
2 0.235294 0.556911 0.068627 0.048780
2 0.291667 0.528455 0.063725 0.040650
2 0.178922 0.404472 0.053922 0.036585
2 0.139706 0.605691 0.044118 0.048780
2 0.198529 0.668699 0.073529 0.052846
2 0.389706 0.550813 0.053922 0.036585
2 0.485294 0.583333 0.039216 0.052846
2 0.539216 0.577236 0.058824 0.048780
2 0.558824 0.617886 0.068627 0.065041
2 0.281863 0.678862 0.073529 0.040650
2 0.377451 0.721545 0.058824 0.036585
2 0.372549 0.686992 0.049020 0.032520
2 0.367647 0.802846 0.049020 0.044715
2 0.725490 0.920732 0.039216 0.052846
2 0.762255 0.833333 0.053922 0.056911
2 0.718137 0.815041 0.063725 0.052846
2 0.661765 0.918699 0.058824 0.048780
2 0.487745 0.766260 0.063725 0.060976
