1 0.553860 0.536298 0.037702 0.045372
1 0.476661 0.592559 0.041293 0.030853
1 0.507181 0.538113 0.044883 0.049002
1 0.494614 0.495463 0.062837 0.054446
1 0.395871 0.710526 0.037702 0.045372
1 0.614004 0.583485 0.057451 0.049002
1 0.486535 0.658802 0.021544 0.043557
1 0.523339 0.640653 0.030521 0.029038
1 0.581688 0.626134 0.050269 0.054446
1 0.710054 0.690563 0.044883 0.059891
1 0.707361 0.764973 0.021544 0.016334
1 0.680431 0.749546 0.028725 0.061706
1 0.729803 0.879310 0.044883 0.059891
1 0.604129 0.904719 0.055655 0.059891
1 0.609515 0.836661 0.048474 0.047187
1 0.551167 0.738657 0.032316 0.039927
1 0.584381 0.683303 0.055655 0.049002
1 0.595153 0.740472 0.052065 0.032668
1 0.503591 0.726860 0.030521 0.034483
1 0.466786 0.721416 0.057451 0.034483
1 0.554758 0.846642 0.057451 0.052632
1 0.616697 0.379310 0.030521 0.050817
1 0.567325 0.393829 0.050269 0.029038
1 0.734291 0.307623 0.043088 0.038113
1 0.679533 0.586207 0.034111 0.039927
1 0.641831 0.645191 0.048474 0.041742
1 0.605027 0.515426 0.035907 0.021779
1 0.533214 0.445554 0.046679 0.041742
1 0.466786 0.806715 0.053860 0.045372
1 0.516158 0.780399 0.037702 0.032668
1 0.587074 0.773140 0.043088 0.029038
1 0.596948 0.810345 0.041293 0.030853
1 0.631059 0.790381 0.048474 0.030853
1 0.646320 0.766788 0.043088 0.034483
1 0.670557 0.807623 0.048474 0.021779
1 0.658887 0.849365 0.028725 0.039927
1 0.690305 0.842105 0.044883 0.043557
1 0.810592 0.715064 0.037702 0.043557
1 0.672352 0.909256 0.034111 0.025408
1 0.650808 0.928312 0.023339 0.027223
1 0.429982 0.566243 0.026930 0.036298
1 0.382406 0.629764 0.028725 0.029038
1 0.650808 0.519964 0.030521 0.030853
1 0.569120 0.475499 0.028725 0.021779
1 0.538600 0.487296 0.032316 0.030853
1 0.468582 0.564428 0.035907 0.021779
1 0.434470 0.523593 0.035907 0.034483
1 0.696589 0.415608 0.039497 0.032668
1 0.534111 0.680581 0.034111 0.047187
1 0.466786 0.625227 0.039497 0.034483
1 0.530521 0.588929 0.048474 0.052632
1 0.590664 0.494555 0.028725 0.034483
1 0.577199 0.425590 0.030521 0.030853
1 0.710054 0.376588 0.034111 0.030853
1 0.651706 0.330309 0.028725 0.032668
1 0.718133 0.626134 0.021544 0.025408
1 0.736086 0.619782 0.028725 0.034483
1 0.707361 0.573503 0.032316 0.032668
1 0.712747 0.598911 0.028725 0.025408
1 0.654399 0.729583 0.023339 0.032668
1 0.641831 0.710526 0.026930 0.027223
1 0.464991 0.681488 0.035907 0.038113
1 0.751346 0.654265 0.037702 0.038113
1 0.884201 0.589837 0.037702 0.047187
1 0.834829 0.617967 0.068223 0.041742
