1 0.718391 0.183908 0.026820 0.045977
1 0.741379 0.241379 0.042146 0.045977
1 0.423372 0.117816 0.042146 0.063218
1 0.480843 0.160920 0.042146 0.057471
1 0.519157 0.252874 0.042146 0.057471
1 0.553640 0.293103 0.042146 0.068966
1 0.434866 0.376437 0.034483 0.074713
1 0.595785 0.425287 0.049808 0.045977
1 0.538314 0.479885 0.034483 0.063218
1 0.743295 0.637931 0.038314 0.068966
1 0.735632 0.540230 0.030651 0.068966
1 0.787356 0.448276 0.042146 0.068966
1 0.720307 0.758621 0.038314 0.057471
1 0.396552 0.614943 0.034483 0.068966
1 0.400383 0.683908 0.026820 0.068966
1 0.333333 0.729885 0.076628 0.057471
1 0.151341 0.626437 0.034483 0.068966
1 0.136015 0.692529 0.042146 0.051724
1 0.137931 0.761494 0.045977 0.051724
1 0.130268 0.827586 0.038314 0.068966
1 0.178161 0.833333 0.049808 0.080460
1 0.404215 0.201149 0.049808 0.068966
1 0.402299 0.258621 0.038314 0.045977
1 0.385057 0.310345 0.057471 0.068966
1 0.293103 0.186782 0.042146 0.086207
1 0.342912 0.132184 0.034483 0.068966
1 0.383142 0.071839 0.045977 0.074713
1 0.319923 0.310345 0.065134 0.080460
1 0.239464 0.295977 0.049808 0.086207
1 0.273946 0.379310 0.049808 0.057471
1 0.289272 0.471264 0.065134 0.103448
1 0.298851 0.551724 0.045977 0.080460
1 0.342912 0.531609 0.049808 0.074713
1 0.354406 0.586207 0.034483 0.057471
1 0.339080 0.663793 0.034483 0.063218
1 0.522989 0.393678 0.042146 0.063218
1 0.473180 0.566092 0.065134 0.063218
1 0.498084 0.626437 0.022989 0.057471
1 0.534483 0.640805 0.049808 0.051724
1 0.572797 0.695402 0.065134 0.045977
1 0.588123 0.758621 0.057471 0.057471
1 0.653257 0.686782 0.049808 0.063218
1 0.691571 0.652299 0.049808 0.074713
1 0.613027 0.597701 0.053640 0.080460
1 0.649425 0.545977 0.034483 0.045977
1 0.687739 0.580460 0.042146 0.057471
1 0.720307 0.451149 0.053640 0.074713
1 0.773946 0.341954 0.038314 0.063218
1 0.668582 0.376437 0.042146 0.051724
1 0.614943 0.261494 0.042146 0.086207
1 0.662835 0.181034 0.045977 0.063218
1 0.680077 0.264368 0.034483 0.057471
1 0.591954 0.166667 0.026820 0.034483
1 0.538314 0.109195 0.026820 0.034483
1 0.553640 0.209770 0.034483 0.063218
1 0.281609 0.643678 0.042146 0.045977
1 0.204981 0.655172 0.026820 0.045977
1 0.241379 0.681034 0.038314 0.051724
