2 0.768798 0.285301 0.039524 0.026620
2 0.781170 0.308594 0.034704 0.028646
2 0.805752 0.299769 0.034383 0.024306
2 0.462243 0.195602 0.036954 0.037616
2 0.376125 0.276476 0.051735 0.044271
2 0.302217 0.640046 0.031812 0.035301
2 0.518959 0.913918 0.032134 0.046586
2 0.436375 0.913918 0.029563 0.041956
2 0.611343 0.865162 0.039524 0.046296
2 0.693766 0.817564 0.041774 0.044271
2 0.735540 0.799769 0.032134 0.031250
2 0.793541 0.800926 0.039524 0.024306
2 0.816838 0.807436 0.032134 0.033275
2 0.776189 0.760995 0.039524 0.042245
2 0.757712 0.695457 0.032134 0.030961
2 0.697461 0.766493 0.054306 0.031250
2 0.633515 0.750868 0.049165 0.026620
2 0.617449 0.783131 0.046594 0.019965
2 0.725739 0.362847 0.061375 0.079861
2 0.815713 0.571325 0.078728 0.062211
2 0.751607 0.624566 0.053985 0.057581
2 0.698586 0.685475 0.046915 0.055556
2 0.863593 0.860677 0.036954 0.015336
