2 0.776350 0.775318 0.014781 0.008970
2 0.724454 0.791956 0.039524 0.037616
2 0.714653 0.743200 0.024422 0.024595
2 0.756587 0.756510 0.049165 0.028646
2 0.804627 0.764323 0.046915 0.030961
2 0.788560 0.814091 0.044344 0.046586
2 0.722044 0.836372 0.064267 0.028646
2 0.622429 0.840712 0.046915 0.028646
2 0.647012 0.878472 0.051735 0.028935
2 0.667898 0.791956 0.044023 0.042245
2 0.603792 0.751013 0.044344 0.035590
2 0.649422 0.721065 0.056555 0.050926
2 0.712243 0.705440 0.039524 0.028935
2 0.722044 0.664497 0.044344 0.044271
2 0.671594 0.626881 0.032134 0.017650
2 0.713368 0.572483 0.046915 0.041956
2 0.823104 0.503617 0.039524 0.033275
2 0.842866 0.377315 0.044344 0.042245
2 0.781170 0.364005 0.068766 0.055556
2 0.766388 0.313079 0.053985 0.037616
2 0.767674 0.196615 0.041774 0.030961
2 0.653117 0.110243 0.044023 0.039931
