1 0.295312 0.676389 0.027083 0.050926
1 0.318229 0.638889 0.035417 0.053704
1 0.333333 0.613426 0.032292 0.045370
1 0.345313 0.525926 0.015625 0.020370
1 0.382552 0.499074 0.022396 0.057407
1 0.408073 0.512500 0.039062 0.054630
1 0.628646 0.733333 0.027083 0.057407
1 0.557813 0.747222 0.030208 0.048148
1 0.466406 0.760185 0.033854 0.062963
1 0.457813 0.707870 0.016667 0.036111
1 0.482292 0.668981 0.035417 0.060185
1 0.463021 0.677778 0.023958 0.042593
1 0.466406 0.635648 0.030729 0.054630
1 0.460417 0.580093 0.008333 0.039815
1 0.422135 0.551389 0.020313 0.036111
1 0.411198 0.586111 0.025521 0.057407
1 0.358854 0.625000 0.018750 0.033333
1 0.366667 0.643519 0.013542 0.038889
1 0.351302 0.716667 0.036979 0.053704
1 0.350521 0.661111 0.035417 0.044444
1 0.408073 0.623611 0.028646 0.041667
1 0.381771 0.632870 0.030208 0.036111
1 0.384375 0.658333 0.032292 0.044444
1 0.402865 0.680556 0.031771 0.048148
1 0.436719 0.655093 0.042188 0.032407
1 0.428906 0.692593 0.033854 0.048148
1 0.391667 0.728704 0.027083 0.042593
1 0.426563 0.719907 0.029167 0.060185
1 0.374740 0.572222 0.033854 0.072222
1 0.633073 0.604630 0.028646 0.042593
1 0.485417 0.585648 0.018750 0.036111
1 0.530990 0.684722 0.023438 0.039815
1 0.519792 0.744907 0.026042 0.032407
1 0.339062 0.577778 0.017708 0.042593
1 0.453906 0.400463 0.025521 0.032407
1 0.389323 0.375463 0.020313 0.034259
1 0.715625 0.445370 0.023958 0.048148
1 0.727604 0.358333 0.031250 0.057407
1 0.697656 0.326389 0.026562 0.049074
1 0.745052 0.278241 0.021354 0.047222
1 0.660937 0.188426 0.037500 0.047222
1 0.596875 0.173148 0.031250 0.051852
1 0.601562 0.236574 0.026042 0.047222
1 0.689583 0.141204 0.031250 0.049074
1 0.708073 0.210185 0.038021 0.057407
1 0.740885 0.194444 0.029687 0.048148
1 0.763281 0.153241 0.035937 0.045370
1 0.730469 0.155093 0.029687 0.039815
1 0.767448 0.281481 0.026562 0.048148
1 0.692708 0.417130 0.028125 0.058333
1 0.495833 0.622685 0.025000 0.041667
1 0.467448 0.469444 0.033854 0.068519
1 0.313542 0.567593 0.030208 0.048148
1 0.420052 0.456944 0.045312 0.060185
1 0.659896 0.152315 0.025000 0.032407
1 0.382292 0.112500 0.023958 0.041667
1 0.344792 0.124074 0.020833 0.035185
1 0.364063 0.101852 0.017708 0.053704
1 0.415885 0.060648 0.036979 0.025000
1 0.458854 0.544444 0.025000 0.038889
