2 0.535417 0.208594 0.077083 0.051562
2 0.256250 0.187500 0.062500 0.053125
2 0.175000 0.219531 0.064583 0.046875
2 0.120313 0.242969 0.055208 0.057813
2 0.243229 0.327344 0.123958 0.075000
2 0.377083 0.261719 0.056250 0.042188
2 0.531771 0.407031 0.109375 0.062500
2 0.438021 0.450000 0.065625 0.042188
2 0.538542 0.473438 0.100000 0.057813
2 0.674479 0.407031 0.088542 0.062500
2 0.273958 0.494531 0.091667 0.068750
2 0.370312 0.448047 0.130208 0.072656
2 0.227083 0.607812 0.091667 0.078125
2 0.150000 0.545312 0.062500 0.042188
2 0.356771 0.700781 0.086458 0.073438
2 0.260417 0.868359 0.077083 0.061719
2 0.435417 0.794922 0.070833 0.049219
2 0.627083 0.653125 0.077083 0.057813
2 0.522396 0.685547 0.026042 0.028906
2 0.753125 0.641016 0.043750 0.055469
2 0.813542 0.557813 0.093750 0.043750
