1 0.946094 0.176042 0.042188 0.031250
1 0.943750 0.226042 0.053125 0.072917
1 0.974219 0.439583 0.039062 0.054167
1 0.952344 0.347917 0.039062 0.050000
1 0.737500 0.342708 0.046875 0.052083
1 0.834375 0.448958 0.046875 0.068750
1 0.832031 0.548958 0.039062 0.056250
1 0.819531 0.357292 0.026562 0.043750
1 0.789844 0.196875 0.029687 0.064583
1 0.653125 0.236458 0.025000 0.068750
1 0.678125 0.398958 0.065625 0.064583
1 0.555469 0.112500 0.029687 0.037500
1 0.471875 0.057292 0.034375 0.043750
1 0.449219 0.205208 0.054688 0.018750
1 0.355469 0.123958 0.060937 0.056250
1 0.292187 0.204167 0.046875 0.054167
1 0.245312 0.307292 0.046875 0.056250
1 0.180469 0.360417 0.060937 0.087500
1 0.144531 0.527083 0.057813 0.050000
1 0.018750 0.505208 0.015625 0.043750
1 0.194531 0.621875 0.042188 0.060417
1 0.241406 0.533333 0.039062 0.066667
1 0.285156 0.477083 0.048438 0.066667
1 0.325781 0.439583 0.032813 0.045833
1 0.357031 0.498958 0.026562 0.052083
1 0.314063 0.558333 0.040625 0.050000
1 0.346094 0.609375 0.054688 0.060417
1 0.346875 0.683333 0.037500 0.050000
1 0.245312 0.780208 0.040625 0.060417
1 0.475000 0.645833 0.059375 0.079167
1 0.525000 0.680208 0.040625 0.068750
1 0.578906 0.646875 0.051562 0.060417
1 0.482812 0.729167 0.053125 0.062500
1 0.542969 0.753125 0.032813 0.060417
1 0.488281 0.476042 0.032813 0.068750
1 0.551562 0.419792 0.059375 0.047917
1 0.600781 0.531250 0.048438 0.070833
1 0.644531 0.720833 0.045312 0.058333
1 0.706250 0.504167 0.043750 0.075000
1 0.709375 0.616667 0.037500 0.066667
1 0.581250 0.953125 0.040625 0.060417
1 0.649219 0.944792 0.035937 0.052083
1 0.721094 0.925000 0.054688 0.079167
1 0.731250 0.845833 0.031250 0.045833
1 0.756250 0.775000 0.040625 0.058333
1 0.785156 0.853125 0.042188 0.060417
1 0.549219 0.830208 0.060937 0.068750
1 0.839063 0.641667 0.034375 0.066667
1 0.542188 0.338542 0.071875 0.068750
1 0.475781 0.301042 0.048438 0.047917
1 0.611719 0.256250 0.060937 0.062500
1 0.408594 0.281250 0.029687 0.037500
1 0.342969 0.213542 0.048438 0.052083
1 0.515625 0.045833 0.071875 0.066667
