2 0.789685 0.351852 0.036954 0.031250
2 0.750321 0.279803 0.046915 0.042245
2 0.664203 0.304109 0.036632 0.042245
2 0.632230 0.265480 0.051735 0.057581
2 0.452442 0.214410 0.041774 0.048611
2 0.499197 0.167824 0.051735 0.048611
2 0.697461 0.149016 0.054306 0.042245
2 0.360058 0.211082 0.039524 0.037905
2 0.645726 0.507089 0.049165 0.044271
2 0.705977 0.430556 0.056555 0.042245
2 0.758997 0.519242 0.053985 0.037905
2 0.746626 0.544705 0.039524 0.035590
2 0.808162 0.515914 0.044344 0.044560
2 0.820694 0.448206 0.029563 0.024306
2 0.761568 0.584635 0.044344 0.035590
2 0.772494 0.660012 0.041774 0.039931
2 0.797237 0.617911 0.026992 0.030961
2 0.680270 0.661169 0.029563 0.028935
2 0.674165 0.615741 0.041774 0.021991
2 0.579210 0.800926 0.039524 0.037616
2 0.618734 0.834057 0.039524 0.046586
2 0.659383 0.819734 0.041774 0.044560
2 0.696176 0.814091 0.031812 0.046586
2 0.761407 0.823061 0.049165 0.041956
2 0.618734 0.887297 0.039524 0.028646
2 0.558323 0.912760 0.056877 0.044271
2 0.418059 0.907263 0.041774 0.051215
2 0.499197 0.928385 0.046594 0.035590
2 0.494216 0.857350 0.041774 0.035301
2 0.362629 0.365162 0.039524 0.039931
2 0.376125 0.306424 0.056877 0.050926
2 0.611343 0.646701 0.049165 0.053241
