2 0.180270 0.439525 0.044344 0.037616
2 0.178021 0.333044 0.029563 0.028935
2 0.597847 0.207755 0.036954 0.044560
2 0.168059 0.537037 0.039203 0.024306
2 0.159544 0.560185 0.036954 0.026620
2 0.145887 0.592448 0.034704 0.046586
2 0.137211 0.617911 0.041774 0.017650
2 0.173040 0.644531 0.049165 0.030961
2 0.197622 0.594618 0.029563 0.024306
2 0.223490 0.642361 0.036954 0.021991
2 0.172879 0.716580 0.029563 0.041956
2 0.212404 0.741030 0.039203 0.037616
2 0.256748 0.693287 0.044344 0.031250
2 0.421594 0.611256 0.044344 0.035590
2 0.298522 0.736545 0.039203 0.037905
2 0.288721 0.778791 0.039524 0.033275
2 0.315874 0.810909 0.029563 0.044271
2 0.358772 0.806424 0.036954 0.039931
2 0.331780 0.841869 0.027314 0.030961
2 0.324389 0.875145 0.051735 0.022280
2 0.530045 0.951534 0.049165 0.033275
2 0.603952 0.941551 0.024743 0.026620
2 0.376125 0.743200 0.046594 0.037905
2 0.555913 0.915075 0.046915 0.044271
