2 0.316999 0.187789 0.061375 0.048611
2 0.353952 0.093461 0.031812 0.028935
2 0.830495 0.645544 0.054306 0.064236
2 0.800932 0.675492 0.054306 0.057581
2 0.760283 0.716580 0.041774 0.019965
2 0.727024 0.738860 0.069087 0.059896
2 0.666613 0.715422 0.046594 0.062211
2 0.621144 0.655671 0.049486 0.048611
2 0.619859 0.704282 0.032134 0.026620
2 0.575514 0.836227 0.056555 0.050926
2 0.798361 0.378472 0.039524 0.031250
2 0.532455 0.285301 0.073907 0.057870
2 0.549647 0.227720 0.063946 0.061921
2 0.555913 0.172164 0.041774 0.053241
2 0.645726 0.299624 0.049165 0.046586
2 0.406973 0.228877 0.039524 0.042245
2 0.310893 0.255498 0.054306 0.064236
2 0.259158 0.227575 0.049165 0.057581
2 0.378535 0.565249 0.062982 0.044850
2 0.637853 0.386140 0.076478 0.059896
2 0.337564 0.394821 0.060733 0.052951
