1 0.446328 0.143956 0.062147 0.032967
1 0.464689 0.091209 0.059322 0.024176
1 0.435028 0.023077 0.050847 0.046154
1 0.481638 0.050549 0.070621 0.052747
1 0.607345 0.104396 0.084746 0.037363
1 0.570621 0.153846 0.073446 0.035165
1 0.545198 0.181319 0.050847 0.028571
1 0.632768 0.172527 0.067797 0.050549
1 0.644068 0.224176 0.062147 0.052747
1 0.591808 0.214286 0.053672 0.041758
1 0.509887 0.218681 0.053672 0.054945
1 0.461864 0.257143 0.053672 0.030769
1 0.473164 0.298901 0.042373 0.048352
1 0.556497 0.285714 0.045198 0.048352
1 0.394068 0.176923 0.031073 0.041758
1 0.670904 0.384615 0.053672 0.048352
1 0.436441 0.391209 0.064972 0.035165
1 0.279661 0.497802 0.039548 0.037363
1 0.213277 0.497802 0.059322 0.050549
1 0.502825 0.450549 0.073446 0.052747
1 0.603107 0.424176 0.048023 0.039560
1 0.652542 0.483516 0.056497 0.052747
1 0.540960 0.495604 0.059322 0.054945
1 0.549435 0.572527 0.059322 0.046154
1 0.437853 0.512088 0.062147 0.039560
1 0.425141 0.451648 0.053672 0.037363
1 0.361582 0.495604 0.033898 0.019780
1 0.395480 0.537363 0.050847 0.050549
1 0.389831 0.575824 0.050847 0.043956
1 0.323446 0.626374 0.059322 0.043956
1 0.324859 0.654945 0.050847 0.052747
1 0.432203 0.620879 0.062147 0.046154
1 0.466102 0.583516 0.067797 0.041758
1 0.437853 0.676923 0.062147 0.043956
1 0.500000 0.693407 0.045198 0.032967
1 0.570621 0.686813 0.067797 0.041758
1 0.336158 0.746154 0.067797 0.028571
1 0.268362 0.773626 0.067797 0.057143
1 0.333333 0.447253 0.084746 0.059341
1 0.494350 0.385714 0.062147 0.054945
1 0.566384 0.354945 0.064972 0.037363
1 0.632768 0.568132 0.067797 0.076923
1 0.553672 0.639560 0.079096 0.061538
1 0.288136 0.716484 0.079096 0.057143
1 0.258475 0.624176 0.053672 0.039560
1 0.218927 0.860440 0.042373 0.032967
1 0.391243 0.761538 0.048023 0.050549
1 0.368644 0.715385 0.053672 0.041758
1 0.463277 0.716484 0.033898 0.035165
1 0.468927 0.756044 0.039548 0.030769
1 0.466102 0.795604 0.050847 0.035165
1 0.141243 0.653846 0.045198 0.041758
1 0.593220 0.506593 0.050847 0.054945
