1 0.690580 0.438587 0.056522 0.064130
1 0.562319 0.430978 0.046377 0.040217
1 0.489855 0.344022 0.049275 0.042391
1 0.405072 0.217935 0.053623 0.057609
1 0.371739 0.267935 0.056522 0.042391
1 0.364493 0.337500 0.059420 0.051087
1 0.197826 0.326087 0.076812 0.028261
1 0.294928 0.250543 0.050725 0.051087
1 0.290580 0.151630 0.059420 0.053261
1 0.602174 0.530978 0.039130 0.035870
1 0.647826 0.555435 0.040580 0.043478
1 0.613768 0.624457 0.033333 0.035870
1 0.607971 0.712500 0.044928 0.061957
1 0.586957 0.763043 0.020290 0.019565
1 0.576812 0.735326 0.040580 0.040217
1 0.470290 0.697283 0.059420 0.040217
1 0.455797 0.761413 0.053623 0.061957
1 0.518116 0.771739 0.076812 0.069565
1 0.332609 0.635326 0.056522 0.057609
1 0.296377 0.684239 0.082609 0.083696
1 0.643478 0.837500 0.060870 0.048913
1 0.616667 0.408152 0.050725 0.046739
1 0.636957 0.186413 0.056522 0.055435
1 0.618116 0.253804 0.094203 0.057609
1 0.628261 0.335870 0.085507 0.071739
1 0.773188 0.385870 0.068116 0.091304
1 0.357246 0.389130 0.068116 0.047826
1 0.138406 0.134239 0.085507 0.061957
1 0.310870 0.188587 0.071014 0.042391
1 0.167391 0.615217 0.062319 0.039130
1 0.545652 0.500000 0.062319 0.047826
1 0.765942 0.830435 0.047826 0.080435
1 0.718841 0.610870 0.052174 0.063043
1 0.542754 0.235870 0.050725 0.034783
1 0.563768 0.207065 0.040580 0.027174
1 0.607971 0.150543 0.047826 0.031522
1 0.302899 0.058696 0.040580 0.028261
1 0.389855 0.637500 0.043478 0.035870
1 0.342029 0.454348 0.040580 0.045652
1 0.350000 0.492391 0.056522 0.030435
1 0.380435 0.442391 0.042029 0.034783
1 0.162319 0.365217 0.043478 0.028261
1 0.392754 0.140761 0.046377 0.035870
1 0.255797 0.095652 0.056522 0.034783
1 0.326087 0.090761 0.043478 0.031522
1 0.484783 0.239674 0.053623 0.051087
1 0.469565 0.292935 0.060870 0.040217
1 0.157971 0.561957 0.043478 0.034783
1 0.482609 0.161957 0.063768 0.047826
1 0.476812 0.121739 0.060870 0.043478
1 0.742754 0.197283 0.056522 0.046739
1 0.729710 0.317391 0.068116 0.043478
1 0.378261 0.543478 0.043478 0.043478
1 0.519565 0.569565 0.053623 0.039130
1 0.234783 0.384783 0.052174 0.043478
1 0.251449 0.483152 0.062319 0.042391
1 0.369565 0.595652 0.046377 0.030435
1 0.365217 0.721196 0.040580 0.038043
