2 0.775064 0.388455 0.056555 0.028646
2 0.861183 0.437211 0.046915 0.032986
2 0.405688 0.412905 0.051735 0.028935
2 0.450032 0.454861 0.036954 0.050926
2 0.334351 0.308594 0.066517 0.051215
2 0.515263 0.318576 0.039524 0.035301
2 0.637050 0.324074 0.081298 0.050926
2 0.553342 0.571325 0.046915 0.030961
2 0.621144 0.605758 0.034704 0.028646
2 0.657937 0.606916 0.034383 0.057581
2 0.696176 0.605758 0.042095 0.037905
2 0.678985 0.690972 0.066195 0.053241
2 0.749197 0.606916 0.039524 0.030961
2 0.799647 0.636719 0.036954 0.041956
2 0.888335 0.612413 0.046594 0.041956
2 0.879659 0.682147 0.078728 0.044271
2 0.818123 0.698785 0.079049 0.028935
2 0.803342 0.737558 0.103470 0.053241
2 0.555913 0.881800 0.032134 0.022280
2 0.850096 0.635706 0.049165 0.048611
2 0.576799 0.857494 0.049486 0.030961
2 0.633515 0.846354 0.063946 0.035301
2 0.648297 0.878472 0.063946 0.028935
2 0.653117 0.915075 0.088368 0.035590
2 0.593991 0.902778 0.078728 0.037616
2 0.591581 0.943866 0.068766 0.039931
