1 0.662931 0.708134 0.063793 0.076555
1 0.634483 0.630383 0.051724 0.055024
1 0.600000 0.783493 0.024138 0.074163
1 0.551724 0.702153 0.037931 0.078947
1 0.518966 0.655502 0.027586 0.062201
1 0.460345 0.690191 0.034483 0.064593
1 0.314655 0.830144 0.043103 0.033493
1 0.521552 0.860048 0.036207 0.050239
1 0.482759 0.895933 0.034483 0.059809
1 0.659483 0.910287 0.039655 0.055024
1 0.688793 0.842105 0.039655 0.086124
1 0.711207 0.911483 0.029310 0.057416
1 0.492241 0.311005 0.050000 0.076555
1 0.580172 0.302632 0.046552 0.069378
1 0.572414 0.082536 0.051724 0.093301
1 0.712931 0.273923 0.032759 0.059809
1 0.775000 0.324163 0.039655 0.064593
1 0.649138 0.084928 0.067241 0.098086
1 0.638793 0.031100 0.043103 0.043062
1 0.635345 0.355263 0.060345 0.059809
1 0.593103 0.442584 0.041379 0.086124
1 0.487069 0.564593 0.053448 0.081340
1 0.493966 0.489234 0.039655 0.078947
1 0.818103 0.442584 0.039655 0.071770
1 0.457759 0.444976 0.050000 0.081340
1 0.409483 0.427033 0.046552 0.074163
1 0.382759 0.364833 0.048276 0.064593
1 0.332759 0.165072 0.031034 0.066986
1 0.373276 0.175837 0.063793 0.069378
1 0.335345 0.419856 0.039655 0.069378
1 0.362931 0.472488 0.046552 0.055024
1 0.412931 0.515550 0.032759 0.050239
1 0.450862 0.581340 0.039655 0.081340
1 0.389655 0.677033 0.044828 0.062201
1 0.392241 0.614833 0.053448 0.081340
1 0.245690 0.581340 0.063793 0.100478
1 0.475000 0.822967 0.043103 0.066986
1 0.745690 0.114833 0.060345 0.081340
1 0.185345 0.672249 0.053448 0.086124
1 0.306897 0.270335 0.044828 0.066986
1 0.465517 0.104067 0.041379 0.059809
1 0.588793 0.183014 0.060345 0.074163
1 0.628448 0.162679 0.050000 0.071770
1 0.701724 0.028708 0.048276 0.047847
1 0.412069 0.820574 0.072414 0.081340
1 0.251724 0.722488 0.041379 0.057416
1 0.254310 0.791866 0.039655 0.062201
1 0.762931 0.533493 0.039655 0.057416
1 0.800000 0.534689 0.037931 0.055024
1 0.698276 0.206938 0.051724 0.059809
1 0.663793 0.289474 0.044828 0.066986
1 0.514655 0.434211 0.060345 0.064593
1 0.573276 0.373206 0.053448 0.057416
