1 0.882069 0.604601 0.029563 0.044271
1 0.827924 0.576968 0.049165 0.028935
1 0.760283 0.531395 0.046915 0.048900
1 0.717063 0.520255 0.034383 0.039931
1 0.539846 0.572483 0.039203 0.033275
1 0.582905 0.564815 0.056555 0.039931
1 0.580495 0.607928 0.051735 0.042245
1 0.483290 0.628906 0.044344 0.044271
1 0.724454 0.598090 0.039524 0.026620
1 0.617449 0.647859 0.042095 0.028935
1 0.676414 0.557002 0.041774 0.028935
1 0.745341 0.695602 0.051735 0.026620
1 0.710958 0.683304 0.051735 0.041956
1 0.640906 0.692130 0.034383 0.024306
1 0.538721 0.699942 0.036954 0.039931
1 0.621144 0.742043 0.044344 0.035590
1 0.643316 0.796441 0.039203 0.064525
1 0.729434 0.740885 0.039203 0.033275
1 0.743091 0.779803 0.051735 0.039931
1 0.568123 0.795284 0.041774 0.044271
1 0.598972 0.254196 0.059126 0.044271
1 0.521369 0.212240 0.056877 0.048900
1 0.351542 0.266348 0.046915 0.033275
1 0.276350 0.257523 0.064267 0.050926
1 0.385925 0.392940 0.056555 0.050926
1 0.528760 0.624566 0.036954 0.048900
1 0.788560 0.602431 0.053985 0.057870
1 0.707262 0.626736 0.059126 0.048611
1 0.596562 0.707755 0.039524 0.050926
1 0.642031 0.512587 0.046915 0.033275
1 0.795951 0.742188 0.059126 0.053241
1 0.571819 0.855179 0.069087 0.066262
1 0.501607 0.862992 0.046915 0.046586
1 0.740521 0.921586 0.056877 0.053241
1 0.370341 0.481481 0.037596 0.041088
1 0.419666 0.492043 0.041131 0.028067
1 0.655045 0.891059 0.040167 0.024016
1 0.513817 0.921441 0.036632 0.030961
1 0.328728 0.883681 0.030206 0.037037
1 0.450032 0.821325 0.035668 0.037905
1 0.481041 0.762008 0.055270 0.048900
1 0.532455 0.729456 0.032134 0.026042
1 0.678342 0.759404 0.033419 0.055845
1 0.829049 0.742477 0.037918 0.043981
1 0.643959 0.614149 0.044344 0.035012
1 0.576478 0.656539 0.048843 0.043981
1 0.316035 0.305845 0.066517 0.042824
1 0.432841 0.254485 0.032134 0.032118
1 0.329210 0.232060 0.042095 0.023148
1 0.397494 0.836661 0.041131 0.026910
1 0.364075 0.859086 0.036632 0.035880
1 0.313143 0.854167 0.029884 0.023727
1 0.536472 0.055990 0.042095 0.028067
1 0.586279 0.113860 0.046594 0.032118
