3 0.825514 0.523727 0.049486 0.042245
3 0.708387 0.679977 0.051735 0.031250
3 0.713528 0.737703 0.051735 0.035590
3 0.642031 0.706597 0.046915 0.035301
3 0.669184 0.773148 0.051735 0.026620
3 0.676575 0.803096 0.046594 0.033275
3 0.618573 0.785301 0.029563 0.028935
3 0.635925 0.814091 0.039203 0.033275
3 0.621144 0.837529 0.034704 0.030961
3 0.598972 0.823061 0.053985 0.037905
3 0.553342 0.837529 0.046915 0.044271
3 0.842866 0.451678 0.029563 0.026620
3 0.740521 0.334057 0.036954 0.030961
3 0.517674 0.262153 0.053985 0.050926
3 0.453728 0.255498 0.053985 0.050926
3 0.389621 0.330729 0.034383 0.042245
3 0.394602 0.264323 0.049486 0.046586
3 0.438785 0.164497 0.049165 0.028646
3 0.475739 0.202257 0.049165 0.050926
3 0.520244 0.182292 0.044344 0.042245
