2 0.129981 0.510417 0.051735 0.042245
2 0.133515 0.549190 0.049165 0.031250
2 0.178021 0.530382 0.044344 0.037616
2 0.240521 0.549190 0.036954 0.035301
2 0.198747 0.590278 0.036954 0.042245
2 0.177860 0.624711 0.039524 0.026620
2 0.208708 0.642216 0.031812 0.030961
2 0.230720 0.667824 0.041774 0.042245
2 0.293541 0.594763 0.034383 0.033275
2 0.312179 0.665654 0.036954 0.033275
2 0.389621 0.691117 0.049165 0.035590
2 0.374839 0.763166 0.054306 0.041956
2 0.342866 0.809751 0.044344 0.033275
2 0.288560 0.785301 0.029563 0.042245
2 0.280045 0.826389 0.027314 0.031250
2 0.373715 0.873987 0.056555 0.041956
2 0.425289 0.827546 0.046594 0.024306
2 0.437661 0.851852 0.061697 0.028935
2 0.436536 0.893953 0.049165 0.041956
2 0.442641 0.925058 0.051735 0.024306
2 0.497911 0.920573 0.024743 0.028646
2 0.541131 0.898438 0.041774 0.042245
2 0.610058 0.860677 0.051735 0.046586
2 0.508997 0.486979 0.032134 0.026620
2 0.328085 0.722078 0.059126 0.044271
