3 0.238111 0.669994 0.041774 0.028646
3 0.191356 0.675492 0.036954 0.035590
3 0.469634 0.734375 0.046594 0.028935
3 0.463528 0.797598 0.039524 0.030961
3 0.398297 0.828559 0.036954 0.035590
3 0.356523 0.838542 0.036954 0.037616
3 0.555752 0.835359 0.036954 0.026620
3 0.511407 0.856337 0.051735 0.028646
3 0.447461 0.853009 0.036954 0.035301
3 0.367609 0.952691 0.044344 0.035590
3 0.467224 0.927228 0.032134 0.028646
3 0.498072 0.961516 0.029563 0.039931
3 0.533580 0.936198 0.036954 0.033275
3 0.552057 0.969473 0.044344 0.033275
3 0.584190 0.910590 0.044344 0.017940
3 0.591581 0.941696 0.044344 0.030961
3 0.591581 0.872830 0.034704 0.030961
