1 0.549275 0.340385 0.040580 0.034615
1 0.507971 0.271154 0.047826 0.057692
1 0.574638 0.144231 0.030435 0.030769
1 0.439855 0.126923 0.042029 0.046154
1 0.419565 0.268269 0.030435 0.040385
1 0.487681 0.400000 0.053623 0.065385
1 0.448551 0.427885 0.050725 0.063462
1 0.409420 0.454808 0.036232 0.059615
1 0.545652 0.525000 0.059420 0.080769
1 0.420290 0.563462 0.040580 0.042308
1 0.507971 0.580769 0.036232 0.073077
1 0.371739 0.506731 0.030435 0.051923
1 0.335507 0.351923 0.033333 0.053846
1 0.223188 0.322115 0.052174 0.059615
1 0.337681 0.190385 0.049275 0.080769
1 0.236232 0.220192 0.046377 0.051923
1 0.331884 0.614423 0.057971 0.067308
1 0.145652 0.366346 0.047826 0.067308
1 0.292754 0.428846 0.034783 0.065385
1 0.251449 0.502885 0.050725 0.063462
1 0.191304 0.508654 0.037681 0.040385
1 0.274638 0.346154 0.030435 0.053846
1 0.453623 0.342308 0.049275 0.057692
1 0.377536 0.381731 0.047826 0.051923
1 0.460870 0.516346 0.043478 0.055769
1 0.650000 0.494231 0.033333 0.053846
1 0.611594 0.496154 0.037681 0.038462
1 0.706522 0.589423 0.030435 0.048077
1 0.631884 0.605769 0.043478 0.053846
1 0.584783 0.621154 0.030435 0.065385
1 0.459420 0.601923 0.031884 0.030769
1 0.563768 0.679808 0.037681 0.040385
1 0.380435 0.626923 0.044928 0.053846
1 0.223188 0.587500 0.055072 0.067308
1 0.192754 0.389423 0.034783 0.063462
1 0.289130 0.237500 0.065217 0.036538
1 0.273188 0.275000 0.050725 0.061538
1 0.380435 0.283654 0.036232 0.063462
1 0.394203 0.190385 0.046377 0.050000
1 0.355797 0.133654 0.036232 0.044231
1 0.273913 0.137500 0.066667 0.063462
1 0.447101 0.072115 0.047826 0.059615
1 0.534058 0.115385 0.065217 0.046154
1 0.147101 0.207692 0.030435 0.026923
1 0.144203 0.284615 0.050725 0.065385
1 0.097826 0.168269 0.073913 0.082692
1 0.144928 0.109615 0.052174 0.053846
1 0.521739 0.445192 0.037681 0.048077
1 0.505797 0.648077 0.046377 0.050000
1 0.444928 0.679808 0.049275 0.059615
1 0.636957 0.685577 0.044928 0.044231
1 0.701449 0.656731 0.049275 0.036538
1 0.466667 0.187500 0.043478 0.036538
1 0.503623 0.211538 0.036232 0.046154
1 0.700000 0.226923 0.028986 0.034615
1 0.645652 0.286538 0.042029 0.053846
1 0.589130 0.439423 0.036232 0.048077
1 0.141304 0.448077 0.036232 0.050000
1 0.237681 0.399038 0.049275 0.051923
1 0.087681 0.078846 0.042029 0.053846
1 0.346377 0.448077 0.040580 0.061538
1 0.312319 0.544231 0.047826 0.061538
1 0.336232 0.694231 0.052174 0.057692
1 0.289855 0.685577 0.046377 0.063462
1 0.064493 0.020192 0.024638 0.040385
