1 0.495349 0.167387 0.018605 0.017279
1 0.514535 0.210583 0.033721 0.032397
1 0.412791 0.226242 0.025581 0.046436
1 0.531977 0.295356 0.045349 0.042117
1 0.563372 0.353672 0.036047 0.039957
1 0.546512 0.387149 0.034884 0.039957
1 0.515698 0.391469 0.031395 0.035637
1 0.454651 0.373650 0.053488 0.034557
1 0.464535 0.417927 0.033721 0.034557
1 0.562209 0.442225 0.047674 0.044276
1 0.495349 0.495140 0.058140 0.035637
1 0.487791 0.550216 0.056977 0.046436
1 0.415116 0.529698 0.011628 0.046436
1 0.370349 0.572894 0.050000 0.048596
1 0.291279 0.604212 0.031395 0.039957
1 0.331977 0.626350 0.036047 0.066955
1 0.462209 0.599892 0.047674 0.048596
1 0.521512 0.598812 0.038372 0.050756
1 0.434302 0.642009 0.050000 0.039957
1 0.402907 0.666307 0.045349 0.038877
1 0.485465 0.702484 0.038372 0.037797
1 0.410465 0.780238 0.051163 0.046436
1 0.354070 0.841253 0.061628 0.021598
1 0.365116 0.725162 0.034884 0.046436
1 0.411628 0.828834 0.032558 0.037797
1 0.378488 0.872030 0.029070 0.039957
1 0.520349 0.881749 0.045349 0.031317
1 0.531977 0.937905 0.054651 0.046436
1 0.590698 0.873650 0.032558 0.023758
1 0.589535 0.921706 0.069767 0.035637
1 0.674419 0.820194 0.027907 0.042117
1 0.683721 0.855832 0.032558 0.029158
1 0.707558 0.753240 0.056977 0.035637
1 0.657558 0.745680 0.038372 0.044276
1 0.607558 0.753240 0.024419 0.044276
1 0.549419 0.762959 0.040698 0.046436
1 0.497674 0.774838 0.053488 0.048596
1 0.665698 0.595572 0.045349 0.035637
1 0.687791 0.640929 0.036047 0.042117
1 0.677907 0.692765 0.034884 0.035637
1 0.766279 0.671706 0.051163 0.060475
1 0.602907 0.632289 0.061628 0.046436
1 0.615698 0.678726 0.045349 0.033477
1 0.540698 0.661447 0.058140 0.048596
1 0.472674 0.851512 0.054651 0.050756
1 0.344767 0.803996 0.052326 0.039957
1 0.318605 0.717603 0.048837 0.048596
1 0.431977 0.726242 0.050000 0.048596
1 0.547674 0.551296 0.039535 0.037797
1 0.319186 0.514579 0.029070 0.039957
1 0.298256 0.829914 0.043023 0.046436
