2 0.296591 0.665247 0.038636 0.042589
2 0.432955 0.662692 0.052273 0.037479
2 0.530682 0.638842 0.056818 0.057922
2 0.577273 0.714651 0.040909 0.025554
2 0.600000 0.636286 0.022727 0.045997
2 0.632955 0.676320 0.029545 0.037479
2 0.423864 0.706985 0.043182 0.027257
2 0.421591 0.735945 0.056818 0.034072
2 0.477273 0.755537 0.072727 0.056218
2 0.343182 0.689949 0.081818 0.044293
2 0.376136 0.646508 0.056818 0.039182
2 0.427273 0.624361 0.054545 0.042589
2 0.327273 0.867973 0.090909 0.052811
2 0.296591 0.203578 0.056818 0.042589
2 0.305682 0.144804 0.061364 0.074957
2 0.265909 0.073254 0.059091 0.054514
2 0.539773 0.238501 0.079545 0.057922
2 0.585227 0.304089 0.093182 0.080068
2 0.255682 0.471891 0.047727 0.034072
2 0.439773 0.837308 0.043182 0.035775
2 0.463636 0.812606 0.059091 0.037479
