2 0.665942 0.204891 0.042029 0.035870
2 0.554348 0.396196 0.044928 0.053261
2 0.458696 0.496739 0.094203 0.069565
2 0.442754 0.598370 0.056522 0.055435
2 0.490580 0.565761 0.065217 0.042391
2 0.605072 0.729348 0.068116 0.078261
2 0.346377 0.597283 0.057971 0.053261
2 0.350725 0.649457 0.066667 0.055435
2 0.257246 0.635326 0.065217 0.057609
2 0.118841 0.699457 0.095652 0.048913
2 0.194203 0.546196 0.055072 0.048913
2 0.286232 0.583152 0.073913 0.072826
2 0.100725 0.501087 0.059420 0.050000
2 0.119565 0.395109 0.062319 0.055435
2 0.186232 0.408152 0.065217 0.064130
2 0.239855 0.405978 0.071014 0.038043
2 0.389130 0.349457 0.068116 0.044565
2 0.278261 0.325543 0.069565 0.055435
2 0.161594 0.187500 0.085507 0.048913
2 0.152899 0.141848 0.079710 0.055435
2 0.071739 0.202717 0.065217 0.048913
2 0.276812 0.440217 0.055072 0.043478
2 0.302174 0.503804 0.065217 0.055435
2 0.432609 0.415761 0.071014 0.053261
2 0.411594 0.235326 0.040580 0.055435
2 0.607971 0.333696 0.073913 0.063043
2 0.355072 0.443478 0.063768 0.041304
2 0.360145 0.491848 0.079710 0.051087
2 0.550000 0.467935 0.071014 0.064130
2 0.952899 0.509239 0.059420 0.053261
