2 0.171397 0.072917 0.050218 0.036859
2 0.188865 0.118590 0.058952 0.044872
2 0.233624 0.044872 0.043668 0.048077
2 0.299127 0.085737 0.056769 0.046474
2 0.384279 0.121795 0.048035 0.032051
2 0.126638 0.103365 0.052402 0.046474
2 0.406114 0.381410 0.052402 0.038462
2 0.236900 0.580128 0.054585 0.028846
2 0.199782 0.761218 0.032751 0.035256
2 0.264192 0.790865 0.030568 0.040064
2 0.305677 0.780449 0.030568 0.038462
2 0.356987 0.810897 0.032751 0.038462
2 0.348253 0.760417 0.024017 0.033654
2 0.477074 0.695513 0.058952 0.041667
2 0.501092 0.750000 0.050218 0.048077
2 0.415939 0.774840 0.032751 0.043269
2 0.241266 0.838141 0.028384 0.028846
2 0.287118 0.873397 0.050218 0.032051
2 0.089520 0.705929 0.048035 0.043269
2 0.331878 0.719551 0.069869 0.048077
2 0.259825 0.691506 0.056769 0.033654
2 0.108079 0.500000 0.045852 0.044872
2 0.165939 0.526442 0.052402 0.043269
2 0.061135 0.407051 0.048035 0.035256
2 0.162664 0.249199 0.045852 0.056090
2 0.239083 0.357372 0.085153 0.070513
2 0.362445 0.350962 0.052402 0.032051
2 0.155022 0.450321 0.048035 0.051282
2 0.221616 0.470353 0.067686 0.040064
2 0.405022 0.568910 0.080786 0.070513
2 0.500000 0.513622 0.061135 0.046474
2 0.276201 0.647436 0.041485 0.051282
2 0.150655 0.644231 0.069869 0.048077
2 0.219432 0.704327 0.072052 0.040064
2 0.436681 0.854167 0.065502 0.057692
