2 0.527382 0.235600 0.030334 0.045956
2 0.529927 0.173407 0.021987 0.033088
2 0.636502 0.177083 0.052321 0.061275
2 0.644239 0.208946 0.027077 0.037990
2 0.667854 0.222886 0.030334 0.035846
2 0.663579 0.275123 0.028705 0.037990
2 0.594259 0.201287 0.032166 0.058824
2 0.590900 0.115962 0.018526 0.040748
2 0.705924 0.338848 0.038884 0.053309
2 0.679662 0.410080 0.027077 0.053615
2 0.415717 0.368107 0.020358 0.040748
2 0.426710 0.523438 0.025244 0.056066
2 0.388640 0.643076 0.033795 0.055760
2 0.390269 0.718137 0.020358 0.033088
2 0.491958 0.789522 0.027077 0.048407
2 0.517203 0.766544 0.040513 0.033088
2 0.495216 0.727175 0.050692 0.091605
2 0.428441 0.830270 0.018526 0.033088
2 0.515574 0.927083 0.037256 0.048407
2 0.545094 0.953738 0.025448 0.025735
2 0.563823 0.915594 0.028705 0.035846
