1 0.658140 0.244159 0.051163 0.072430
1 0.383721 0.297897 0.051163 0.044393
1 0.397674 0.355140 0.037209 0.051402
1 0.527907 0.157710 0.074419 0.044393
1 0.460465 0.210280 0.055814 0.070093
1 0.426744 0.188084 0.044186 0.081776
1 0.759302 0.426402 0.048837 0.058411
1 0.704651 0.450935 0.041860 0.051402
1 0.622093 0.398364 0.048837 0.063084
1 0.789535 0.550234 0.044186 0.053738
1 0.875581 0.559579 0.044186 0.067757
1 0.669767 0.602804 0.055814 0.056075
1 0.608140 0.744159 0.048837 0.044393
1 0.726744 0.859813 0.053488 0.046729
1 0.690698 0.927570 0.041860 0.060748
1 0.851163 0.844626 0.074419 0.053738
1 0.662791 0.912383 0.032558 0.039720
1 0.522093 0.796729 0.058140 0.065421
1 0.386047 0.695093 0.065116 0.063084
1 0.186047 0.647196 0.083721 0.065421
1 0.281395 0.774533 0.065116 0.063084
1 0.304651 0.254673 0.041860 0.037383
1 0.543023 0.258178 0.062791 0.063084
1 0.616279 0.317757 0.051163 0.051402
1 0.562791 0.089953 0.083721 0.053738
1 0.696512 0.171729 0.076744 0.063084
1 0.812791 0.406542 0.048837 0.056075
1 0.736047 0.510514 0.048837 0.058411
1 0.773256 0.674065 0.072093 0.053738
1 0.965116 0.477804 0.041860 0.072430
1 0.667442 0.796729 0.055814 0.051402
1 0.613953 0.873832 0.051163 0.070093
1 0.794186 0.884346 0.030233 0.030374
1 0.756977 0.935748 0.016279 0.016355
1 0.741860 0.904206 0.055814 0.065421
1 0.377907 0.757009 0.062791 0.056075
1 0.330233 0.491822 0.041860 0.058411
1 0.467442 0.392523 0.055814 0.070093
1 0.539535 0.343458 0.046512 0.042056
1 0.466279 0.275701 0.044186 0.046729
1 0.718605 0.746495 0.041860 0.039720
1 0.623256 0.933411 0.041860 0.035047
1 0.181395 0.709112 0.060465 0.039720
1 0.720930 0.230140 0.051163 0.049065
1 0.795349 0.160047 0.065116 0.063084
1 0.665116 0.539720 0.055814 0.056075
1 0.827907 0.302570 0.055814 0.067757
1 0.668605 0.077103 0.048837 0.051402
1 0.589535 0.217290 0.072093 0.051402
1 0.663953 0.033879 0.062791 0.049065
1 0.770930 0.838785 0.058140 0.051402
1 0.731395 0.620327 0.053488 0.063084
