3 0.344152 0.308594 0.046915 0.041956
3 0.410668 0.689959 0.041774 0.046586
3 0.451157 0.660012 0.044344 0.039931
3 0.491806 0.699942 0.046594 0.035301
3 0.463528 0.738715 0.039524 0.037616
3 0.523779 0.778646 0.041774 0.042245
3 0.526350 0.656829 0.032134 0.024306
3 0.586600 0.674334 0.034383 0.033275
3 0.618734 0.698785 0.039524 0.037616
3 0.653117 0.703270 0.029242 0.037905
3 0.706138 0.645689 0.051735 0.033275
3 0.692481 0.609086 0.034704 0.021991
3 0.650707 0.592448 0.014781 0.024595
3 0.660508 0.658999 0.034383 0.033275
