3 0.096562 0.592448 0.024743 0.064525
3 0.177860 0.610243 0.049165 0.064236
3 0.360058 0.633536 0.054306 0.044271
3 0.139781 0.627894 0.026992 0.050926
3 0.185411 0.690972 0.029563 0.039931
3 0.181555 0.736545 0.046915 0.037905
3 0.188946 0.791956 0.046915 0.037616
3 0.235701 0.758825 0.036954 0.046586
3 0.176735 0.831887 0.026992 0.037616
3 0.265263 0.831887 0.036954 0.055556
3 0.347686 0.829716 0.029563 0.046586
3 0.413078 0.938223 0.042095 0.046586
3 0.291131 0.885127 0.029563 0.037616
3 0.505463 0.911748 0.029563 0.037616
