2 0.539846 0.226707 0.053985 0.046586
2 0.469634 0.289786 0.046594 0.017650
2 0.395887 0.307436 0.056555 0.030961
2 0.442641 0.403935 0.046594 0.050926
2 0.489396 0.416088 0.046915 0.039931
2 0.805913 0.383970 0.059126 0.042245
2 0.889460 0.415075 0.059126 0.046586
2 0.878374 0.534722 0.036954 0.028935
2 0.790970 0.540365 0.039524 0.044271
2 0.856202 0.585793 0.051735 0.046586
2 0.925129 0.613571 0.041774 0.044271
2 0.749197 0.600116 0.063946 0.026620
2 0.786150 0.631221 0.049165 0.022280
2 0.800771 0.674334 0.044344 0.046586
2 0.765263 0.709925 0.066517 0.046586
2 0.799647 0.777633 0.056877 0.044271
2 0.699871 0.683304 0.068766 0.041956
2 0.479595 0.881800 0.036954 0.044271
2 0.516388 0.943866 0.056555 0.048611
2 0.603952 0.867332 0.054306 0.059896
2 0.553342 0.868490 0.032134 0.048900
2 0.401992 0.513744 0.064267 0.062211
2 0.468509 0.621238 0.068766 0.059606
2 0.569409 0.655527 0.073907 0.070891
2 0.639621 0.725405 0.031812 0.037616
2 0.735540 0.820747 0.032134 0.019965
2 0.750482 0.879630 0.036954 0.026620
2 0.837725 0.646701 0.044344 0.039931
2 0.856362 0.707610 0.041774 0.046586
2 0.776350 0.835214 0.044344 0.030961
