2 0.712744 0.601103 0.021987 0.053309
2 0.632227 0.621477 0.037256 0.053615
2 0.480049 0.410080 0.057410 0.078738
2 0.375916 0.305607 0.045806 0.053615
2 0.403909 0.336244 0.033795 0.048100
2 0.315045 0.337469 0.045806 0.060968
2 0.315859 0.300551 0.050692 0.079044
2 0.314230 0.151654 0.050692 0.076593
2 0.419890 0.436887 0.038884 0.061275
2 0.337948 0.654565 0.043974 0.058517
2 0.304051 0.687653 0.074308 0.043199
2 0.395358 0.720741 0.064332 0.063419
2 0.390371 0.585784 0.037256 0.048407
2 0.394646 0.634038 0.038884 0.073836
2 0.427626 0.566789 0.037256 0.050858
2 0.437704 0.615043 0.033795 0.056066
2 0.451242 0.284007 0.033998 0.076593
2 0.416633 0.224265 0.038884 0.048407
2 0.546010 0.173254 0.067590 0.094056
2 0.368384 0.478860 0.071050 0.037990
2 0.329397 0.541360 0.050896 0.081495
2 0.269442 0.580729 0.038884 0.084252
2 0.235444 0.537377 0.059243 0.083946
2 0.311584 0.744945 0.038884 0.045650
2 0.340493 0.769148 0.038884 0.068934
2 0.383550 0.862132 0.040717 0.081495
2 0.483408 0.893842 0.060871 0.068934
2 0.495318 0.632966 0.043974 0.061275
2 0.547740 0.575674 0.060871 0.063725
2 0.546010 0.501838 0.057410 0.068627
2 0.595888 0.708027 0.055782 0.079044
2 0.645765 0.789522 0.064332 0.099265
2 0.763436 0.722120 0.089577 0.096814
