1 0.321014 0.085326 0.068116 0.066304
1 0.326812 0.040761 0.068116 0.057609
1 0.265217 0.067391 0.037681 0.026087
1 0.245652 0.032065 0.059420 0.048913
1 0.427536 0.052174 0.066667 0.039130
1 0.389130 0.113043 0.062319 0.041304
1 0.445652 0.219022 0.062319 0.055435
1 0.343478 0.335870 0.040580 0.047826
1 0.387681 0.344022 0.053623 0.042391
1 0.331159 0.427717 0.047826 0.042391
1 0.383333 0.412500 0.068116 0.042391
1 0.145652 0.357065 0.100000 0.042391
1 0.068841 0.410326 0.059420 0.042391
1 0.171739 0.448913 0.088406 0.030435
1 0.157246 0.484239 0.059420 0.044565
1 0.120290 0.478804 0.049275 0.042391
1 0.235507 0.472283 0.068116 0.046739
1 0.339855 0.477717 0.076812 0.040217
1 0.331884 0.527717 0.028986 0.038043
1 0.368841 0.563043 0.062319 0.028261
1 0.405072 0.586413 0.047826 0.035870
1 0.299275 0.565761 0.065217 0.068478
1 0.329710 0.663043 0.068116 0.045652
1 0.426087 0.647283 0.089855 0.046739
1 0.299275 0.289674 0.047826 0.048913
1 0.235507 0.339674 0.097101 0.059783
1 0.273913 0.378804 0.086957 0.068478
1 0.178986 0.598370 0.042029 0.040217
1 0.189130 0.559239 0.044928 0.038043
1 0.239855 0.556522 0.042029 0.039130
1 0.150000 0.405435 0.044928 0.026087
1 0.025362 0.465761 0.042029 0.031522
1 0.441304 0.262500 0.053623 0.038043
1 0.163768 0.665217 0.055072 0.026087
1 0.250000 0.617391 0.036232 0.032609
1 0.068841 0.723913 0.042029 0.028261
1 0.032609 0.778261 0.050725 0.034783
1 0.246377 0.819565 0.037681 0.032609
1 0.299275 0.714130 0.065217 0.047826
1 0.199275 0.684239 0.044928 0.033696
1 0.119565 0.760326 0.042029 0.035870
1 0.154348 0.770109 0.044928 0.035870
1 0.306522 0.779348 0.050725 0.026087
1 0.319565 0.744022 0.050725 0.042391
1 0.378986 0.723913 0.036232 0.026087
1 0.493478 0.674457 0.047826 0.040217
1 0.122464 0.523370 0.047826 0.027174
1 0.250725 0.445109 0.052174 0.040217
1 0.451449 0.453261 0.039130 0.030435
1 0.468116 0.532065 0.046377 0.035870
1 0.014493 0.716848 0.028986 0.027174
1 0.300725 0.817935 0.050725 0.027174
1 0.234058 0.764130 0.053623 0.039130
1 0.411594 0.702717 0.043478 0.035870
1 0.439855 0.678261 0.042029 0.023913
1 0.495652 0.628261 0.037681 0.032609
1 0.449275 0.484239 0.037681 0.027174
1 0.373913 0.455435 0.049275 0.034783
1 0.489855 0.373913 0.043478 0.034783
1 0.157246 0.870109 0.071014 0.038043
1 0.172464 0.839130 0.040580 0.030435
1 0.144203 0.801630 0.047826 0.029348
1 0.236232 0.854348 0.043478 0.032609
1 0.118116 0.562500 0.053623 0.040217
1 0.206522 0.628804 0.050725 0.035870
