1 0.685780 0.323529 0.059633 0.058824
1 0.639908 0.259358 0.059633 0.058824
1 0.688073 0.211230 0.073394 0.080214
1 0.566514 0.355615 0.059633 0.090909
1 0.628440 0.430481 0.055046 0.058824
1 0.598624 0.483957 0.041284 0.048128
1 0.630734 0.521390 0.050459 0.058824
1 0.302752 0.377005 0.045872 0.048128
1 0.387615 0.556150 0.041284 0.064171
1 0.346330 0.556150 0.041284 0.053476
1 0.458716 0.569519 0.045872 0.058824
1 0.697248 0.451872 0.045872 0.058824
1 0.527523 0.713904 0.073394 0.058824
1 0.454128 0.930481 0.064220 0.053476
1 0.316514 0.882353 0.027523 0.064171
1 0.392202 0.762032 0.050459 0.058824
1 0.596330 0.775401 0.045872 0.053476
1 0.637615 0.724599 0.055046 0.058824
1 0.924312 0.735294 0.041284 0.058824
1 0.919725 0.804813 0.059633 0.090909
1 0.621560 0.203209 0.050459 0.053476
1 0.516055 0.243316 0.077982 0.069519
1 0.520642 0.310160 0.059633 0.053476
1 0.412844 0.352941 0.064220 0.064171
1 0.534404 0.427807 0.068807 0.064171
1 0.525229 0.537433 0.068807 0.058824
1 0.513761 0.639037 0.055046 0.080214
1 0.580275 0.582888 0.041284 0.064171
1 0.642202 0.606952 0.055046 0.069519
1 0.685780 0.673797 0.032110 0.064171
1 0.729358 0.647059 0.055046 0.074866
1 0.479358 0.719251 0.059633 0.058824
1 0.440367 0.756684 0.064220 0.058824
1 0.426606 0.617647 0.055046 0.048128
1 0.350917 0.676471 0.050459 0.069519
1 0.383028 0.941176 0.050459 0.074866
1 0.706422 0.786096 0.064220 0.074866
1 0.844037 0.663102 0.045872 0.042781
1 0.814220 0.545455 0.050459 0.042781
1 0.424312 0.818182 0.041284 0.064171
1 0.520642 0.909091 0.041284 0.053476
1 0.529817 0.943850 0.041284 0.037433
1 0.555046 0.866310 0.027523 0.053476
1 0.566514 0.917112 0.041284 0.048128
1 0.582569 0.951872 0.036697 0.042781
1 0.610092 0.911765 0.045872 0.048128
1 0.587156 0.885027 0.036697 0.048128
1 0.311927 0.759358 0.036697 0.042781
1 0.327982 0.812834 0.041284 0.053476
1 0.362385 0.871658 0.045872 0.074866
1 0.428899 0.486631 0.032110 0.064171
1 0.463303 0.486631 0.055046 0.042781
1 0.438073 0.422460 0.050459 0.053476
1 0.500000 0.368984 0.064220 0.053476
