1 0.869318 0.333333 0.051136 0.057692
1 0.651989 0.495192 0.036932 0.060897
1 0.637784 0.559295 0.065341 0.060897
1 0.670455 0.602564 0.045455 0.038462
1 0.558239 0.371795 0.036932 0.064103
1 0.561080 0.317308 0.048295 0.070513
1 0.511364 0.318910 0.045455 0.067308
1 0.369318 0.102564 0.051136 0.051282
1 0.220170 0.748397 0.036932 0.041667
1 0.259943 0.833333 0.059659 0.064103
1 0.311080 0.956731 0.048295 0.041667
1 0.379261 0.948718 0.048295 0.051282
1 0.455966 0.961538 0.053977 0.057692
1 0.568182 0.878205 0.056818 0.076923
1 0.596591 0.830128 0.051136 0.070513
1 0.720170 0.841346 0.048295 0.054487
1 0.529830 0.652244 0.042614 0.060897
1 0.755682 0.500000 0.068182 0.102564
1 0.671875 0.405449 0.088068 0.092949
1 0.788352 0.368590 0.076705 0.051282
1 0.788352 0.432692 0.093750 0.051282
1 0.879261 0.288462 0.048295 0.051282
1 0.940341 0.387821 0.051136 0.064103
1 0.926136 0.533654 0.073864 0.035256
1 0.897727 0.575321 0.045455 0.048077
1 0.806818 0.621795 0.039773 0.057692
1 0.843750 0.600962 0.039773 0.054487
1 0.650568 0.660256 0.045455 0.044872
1 0.670455 0.778846 0.039773 0.070513
1 0.723011 0.774038 0.065341 0.073718
1 0.612216 0.918269 0.042614 0.041667
1 0.500000 0.903846 0.051136 0.044872
1 0.444602 0.817308 0.053977 0.070513
1 0.465909 0.719551 0.056818 0.054487
1 0.578125 0.258013 0.031250 0.041667
1 0.501420 0.185897 0.042614 0.044872
1 0.468750 0.200321 0.039773 0.048077
1 0.045455 0.240385 0.056818 0.044872
1 0.063920 0.133013 0.059659 0.041667
1 0.573864 0.512821 0.051136 0.044872
1 0.340909 0.745192 0.028409 0.035256
1 0.350852 0.777244 0.031250 0.035256
1 0.947443 0.583333 0.042614 0.057692
1 0.818182 0.517628 0.045455 0.048077
1 0.721591 0.599359 0.045455 0.044872
1 0.747159 0.628205 0.045455 0.044872
1 0.732955 0.685897 0.051136 0.057692
1 0.762784 0.799679 0.036932 0.048077
1 0.982955 0.437500 0.028409 0.041667
1 0.982955 0.479167 0.028409 0.035256
1 0.984375 0.533654 0.025568 0.054487
1 0.546875 0.568910 0.036932 0.041667
1 0.576705 0.607372 0.051136 0.054487
1 0.569602 0.767628 0.042614 0.035256
1 0.495739 0.790064 0.042614 0.054487
1 0.515625 0.397436 0.042614 0.057692
1 0.853693 0.399038 0.059659 0.041667
1 0.865057 0.673077 0.065341 0.051282
1 0.946023 0.344551 0.034091 0.060897
1 0.690341 0.496795 0.045455 0.057692
1 0.572443 0.455128 0.053977 0.051282
1 0.603693 0.394231 0.048295 0.064103
1 0.625000 0.317308 0.056818 0.057692
