2 0.543541 0.291956 0.017031 0.048611
2 0.640746 0.278646 0.068766 0.039931
2 0.661632 0.233218 0.041774 0.037616
2 0.235701 0.587963 0.036954 0.028935
2 0.319409 0.696615 0.041774 0.041956
2 0.293702 0.729890 0.029563 0.033275
2 0.408098 0.655671 0.046915 0.035301
2 0.468509 0.716580 0.029563 0.051215
2 0.399422 0.737703 0.044344 0.035590
2 0.321979 0.767650 0.026992 0.050926
2 0.328085 0.820747 0.039203 0.033275
2 0.254177 0.846209 0.053985 0.044271
2 0.593991 0.509259 0.054306 0.039931
2 0.647012 0.534722 0.051735 0.037616
2 0.512693 0.864005 0.034383 0.039931
2 0.507712 0.929398 0.029563 0.042245
2 0.457423 0.911748 0.031812 0.050926
2 0.224614 0.728733 0.044344 0.048900
2 0.262853 0.634549 0.026992 0.050926
2 0.303503 0.629051 0.039524 0.053241
2 0.280045 0.537037 0.036954 0.050926
2 0.432680 0.569155 0.081298 0.044560
2 0.536150 0.519242 0.036954 0.033275
2 0.730720 0.606916 0.041774 0.035590
2 0.515263 0.174479 0.039524 0.044560
