2 0.411631 0.132848 0.067976 0.045964
2 0.316465 0.181614 0.049849 0.024664
2 0.362538 0.208520 0.030211 0.047085
2 0.307402 0.209641 0.031722 0.031390
2 0.358006 0.261771 0.057402 0.050448
2 0.293807 0.260650 0.052870 0.052691
2 0.220544 0.332399 0.051360 0.045964
2 0.133686 0.408072 0.061934 0.047085
2 0.358006 0.447870 0.063444 0.054933
2 0.462991 0.579596 0.074018 0.026906
2 0.471299 0.614350 0.075529 0.038117
2 0.473565 0.667601 0.083082 0.063901
2 0.667674 0.531951 0.060423 0.045964
2 0.428248 0.739350 0.040785 0.039238
2 0.376133 0.811659 0.069486 0.042601
2 0.386707 0.868274 0.060423 0.043722
2 0.446375 0.909193 0.058912 0.051570
2 0.305891 0.769058 0.052870 0.038117
2 0.373112 0.767377 0.057402 0.059417
2 0.237160 0.693946 0.042296 0.033632
2 0.203927 0.655269 0.060423 0.052691
2 0.075529 0.667601 0.054381 0.054933
2 0.137462 0.750561 0.039275 0.061659
2 0.194864 0.771861 0.066465 0.050448
2 0.090634 0.784753 0.048338 0.038117
2 0.069486 0.819507 0.048338 0.040359
2 0.111782 0.849215 0.066465 0.045964
2 0.216012 0.852578 0.042296 0.039238
2 0.252266 0.897982 0.042296 0.038117
2 0.305891 0.900224 0.070997 0.065022
2 0.382175 0.947870 0.069486 0.048206
2 0.428248 0.960202 0.064955 0.045964
2 0.370091 0.497758 0.057402 0.044843
2 0.298338 0.517937 0.067976 0.062780
2 0.187311 0.555493 0.039275 0.043722
2 0.206949 0.424888 0.048338 0.049327
2 0.296828 0.839126 0.058912 0.057175
