1 0.283740 0.121238 0.034704 0.017940
1 0.281330 0.158999 0.034383 0.030961
1 0.214814 0.553675 0.029242 0.035590
1 0.230720 0.594618 0.026992 0.037616
1 0.116324 0.577980 0.064267 0.044271
1 0.293541 0.764178 0.034383 0.053241
1 0.193766 0.762008 0.056555 0.030961
1 0.182841 0.718750 0.049486 0.037616
1 0.236986 0.668837 0.039524 0.030961
1 0.233290 0.818576 0.046915 0.082176
1 0.275225 0.854022 0.051735 0.055266
1 0.310893 0.839699 0.039524 0.021991
1 0.336761 0.791956 0.046915 0.037616
1 0.387211 0.816406 0.064267 0.037905
1 0.373715 0.850839 0.017352 0.030961
1 0.392192 0.900608 0.039524 0.033275
1 0.120019 0.666667 0.031812 0.035301
1 0.182841 0.643374 0.059126 0.041956
1 0.348972 0.708912 0.032134 0.026620
1 0.245501 0.710938 0.056555 0.026620
1 0.424165 0.572483 0.024422 0.051215
1 0.296112 0.360677 0.049165 0.044271
1 0.543541 0.242043 0.066517 0.033275
1 0.579210 0.306424 0.069087 0.050926
1 0.334190 0.105758 0.032134 0.030961
1 0.394602 0.086806 0.073907 0.042245
1 0.309287 0.163773 0.037596 0.030093
1 0.346401 0.128328 0.032134 0.026910
1 0.473329 0.144242 0.037918 0.022859
1 0.423522 0.124855 0.048843 0.028067
1 0.497590 0.104890 0.026671 0.024016
1 0.290006 0.281973 0.045308 0.036748
1 0.257230 0.326389 0.057519 0.039931
1 0.625161 0.253906 0.028599 0.026910
1 0.142031 0.259404 0.057841 0.059896
1 0.176896 0.176794 0.054306 0.039931
1 0.191999 0.490596 0.042095 0.030961
1 0.180752 0.562934 0.055591 0.033854
1 0.354756 0.583333 0.068766 0.060764
1 0.562500 0.890625 0.045308 0.042824
1 0.119859 0.761285 0.044344 0.053819
1 0.061697 0.673611 0.047558 0.075810
1 0.282134 0.581887 0.062982 0.053819
1 0.294344 0.640046 0.080977 0.064815
1 0.406330 0.651186 0.127571 0.066840
1 0.409865 0.723380 0.090938 0.075810
1 0.210636 0.691551 0.051093 0.039931
1 0.469955 0.859230 0.055591 0.046007
1 0.479434 0.573351 0.047558 0.072627
1 0.589171 0.669126 0.040810 0.039062
1 0.494377 0.934462 0.046594 0.040799
1 0.347686 0.921152 0.036632 0.037905
1 0.330977 0.873119 0.061054 0.041956
