2 0.445051 0.173322 0.051414 0.024306
2 0.456138 0.127894 0.088368 0.053241
2 0.565713 0.529225 0.061375 0.035301
2 0.576799 0.583623 0.044344 0.037616
2 0.425289 0.533709 0.051735 0.030961
2 0.820533 0.285301 0.034383 0.044560
2 0.911632 0.402778 0.029563 0.039931
2 0.781170 0.448351 0.068766 0.046586
2 0.722044 0.548032 0.044344 0.042245
2 0.758997 0.668981 0.064267 0.039931
2 0.607648 0.664497 0.046915 0.044271
2 0.596401 0.788773 0.044344 0.039931
2 0.580495 0.916088 0.061375 0.050926
2 0.795951 0.836227 0.049486 0.037616
2 0.853952 0.636719 0.051735 0.046586
2 0.373715 0.238715 0.046915 0.035301
2 0.424004 0.466001 0.049165 0.055266
2 0.699389 0.431713 0.042095 0.032986
2 0.683323 0.783854 0.069730 0.060764
2 0.724454 0.688802 0.058805 0.039062
2 0.468348 0.237124 0.049807 0.044850
