1 0.487589 0.108538 0.072104 0.055404
1 0.321513 0.333787 0.052009 0.053588
1 0.381797 0.303815 0.075650 0.042688
1 0.500000 0.732970 0.063830 0.043597
1 0.255910 0.714351 0.072104 0.046322
1 0.380615 0.515441 0.054374 0.053588
1 0.440898 0.441417 0.066194 0.050863
1 0.533097 0.225250 0.049645 0.058129
1 0.429669 0.372843 0.072104 0.064487
1 0.349882 0.398274 0.063830 0.075386
1 0.560875 0.523161 0.074468 0.050863
1 0.591017 0.604450 0.066194 0.062670
1 0.433806 0.559037 0.087470 0.073569
1 0.398936 0.657584 0.086288 0.052679
1 0.583924 0.663942 0.092199 0.061762
1 0.559102 0.709355 0.078014 0.059946
1 0.401891 0.714351 0.063830 0.064487
1 0.336879 0.699364 0.078014 0.061762
1 0.315603 0.762943 0.092199 0.069028
1 0.461584 0.819255 0.083924 0.058129
1 0.591017 0.790645 0.122931 0.057221
1 0.573877 0.853769 0.060284 0.038147
1 0.774232 0.871480 0.104019 0.064487
1 0.721040 0.608538 0.078014 0.070845
1 0.641844 0.586739 0.063830 0.058129
1 0.517730 0.584469 0.092199 0.062670
1 0.687943 0.134423 0.049645 0.041780
1 0.456856 0.180745 0.069740 0.049046
1 0.356974 0.462307 0.073286 0.032698
1 0.300827 0.549046 0.062648 0.044505
1 0.659574 0.758401 0.052009 0.038147
1 0.774232 0.776113 0.056738 0.031789
1 0.839835 0.776113 0.046099 0.040872
1 0.929669 0.543597 0.055556 0.048138
1 0.764184 0.505450 0.039007 0.029973
1 0.813239 0.505904 0.066194 0.038147
1 0.788416 0.548592 0.068558 0.043597
1 0.760047 0.448683 0.040189 0.029064
1 0.787825 0.463669 0.036643 0.026340
1 0.811466 0.342416 0.046099 0.029064
1 0.712766 0.247502 0.054374 0.042688
1 0.602837 0.114441 0.056738 0.039964
1 0.359929 0.826521 0.069740 0.050863
1 0.258865 0.657584 0.052009 0.036331
1 0.472813 0.661671 0.059102 0.079019
1 0.260638 0.841962 0.048463 0.039964
1 0.323286 0.914623 0.079196 0.061762
1 0.650118 0.913715 0.063830 0.050863
1 0.692080 0.855586 0.072104 0.049046
1 0.617612 0.726612 0.086288 0.054496
1 0.411348 0.506812 0.044917 0.036331
1 0.578605 0.900999 0.055556 0.036331
1 0.513593 0.503179 0.043735 0.030881
1 0.499409 0.476839 0.046099 0.036331
1 0.554374 0.482743 0.059102 0.035422
1 0.787234 0.258401 0.044917 0.024523
1 0.479905 0.241599 0.063830 0.058129
1 0.419622 0.260672 0.063830 0.049046
1 0.435579 0.314714 0.055556 0.046322
1 0.470449 0.295186 0.059102 0.047230
1 0.293144 0.432788 0.052009 0.039055
1 0.286052 0.485014 0.047281 0.045413
1 0.471040 0.873751 0.043735 0.041780
1 0.432033 0.897820 0.057920 0.048138
