2 0.645012 0.308288 0.064965 0.033698
2 0.534223 0.319217 0.045244 0.046448
2 0.470418 0.282787 0.035963 0.035519
2 0.331787 0.225865 0.064965 0.051002
2 0.699536 0.242714 0.053364 0.026412
2 0.694896 0.273679 0.039443 0.035519
2 0.493039 0.584244 0.053364 0.026412
2 0.635731 0.577413 0.055684 0.040073
2 0.665313 0.645264 0.059165 0.055556
2 0.724478 0.615665 0.059165 0.030965
2 0.868329 0.585155 0.059165 0.046448
2 0.707657 0.669854 0.053364 0.037341
2 0.675754 0.693078 0.045244 0.040073
2 0.603248 0.681694 0.048724 0.026412
2 0.806265 0.715392 0.053364 0.035519
2 0.483179 0.679872 0.056845 0.044627
2 0.548144 0.740437 0.049884 0.051002
2 0.484339 0.748634 0.059165 0.040073
2 0.560905 0.849271 0.054524 0.028233
2 0.655452 0.870219 0.067285 0.048270
2 0.571926 0.704463 0.053364 0.035519
2 0.460557 0.132058 0.039443 0.049180
2 0.417053 0.165301 0.042923 0.057377
2 0.518561 0.109745 0.048724 0.044627
