1 0.893478 0.267391 0.100000 0.030435
1 0.844203 0.302717 0.044928 0.057609
1 0.889130 0.430978 0.062319 0.053261
1 0.835507 0.440217 0.050725 0.039130
1 0.850000 0.505435 0.039130 0.069565
1 0.929710 0.469022 0.056522 0.027174
1 0.841304 0.580978 0.033333 0.020652
1 0.726087 0.611957 0.037681 0.050000
1 0.709420 0.659783 0.053623 0.034783
1 0.795652 0.678804 0.040580 0.059783
1 0.851449 0.650000 0.076812 0.015217
1 0.619565 0.496739 0.050725 0.036957
1 0.476087 0.575543 0.047826 0.048913
1 0.539855 0.573370 0.056522 0.044565
1 0.597826 0.567935 0.059420 0.046739
1 0.497101 0.624457 0.063768 0.040217
1 0.519565 0.659239 0.073913 0.044565
1 0.417391 0.652717 0.034783 0.040217
1 0.661594 0.657065 0.062319 0.057609
1 0.602174 0.689674 0.039130 0.025000
1 0.569565 0.736413 0.031884 0.029348
1 0.661594 0.732609 0.056522 0.026087
1 0.591304 0.789130 0.034783 0.023913
1 0.667391 0.807065 0.085507 0.046739
1 0.513768 0.739674 0.050725 0.035870
1 0.373188 0.729891 0.076812 0.042391
1 0.300725 0.729348 0.050725 0.015217
1 0.247101 0.699457 0.044928 0.022826
1 0.193478 0.650543 0.062319 0.027174
1 0.248551 0.613043 0.059420 0.021739
1 0.223913 0.569565 0.044928 0.023913
1 0.228261 0.530978 0.065217 0.044565
1 0.289130 0.523370 0.068116 0.038043
1 0.364493 0.513587 0.053623 0.035870
1 0.674638 0.534239 0.065217 0.042391
1 0.468841 0.442391 0.073913 0.047826
1 0.361594 0.619565 0.088406 0.030435
1 0.697826 0.328804 0.042029 0.029348
1 0.912319 0.525543 0.047826 0.051087
1 0.900725 0.339130 0.033333 0.041304
1 0.941304 0.316848 0.042029 0.029348
1 0.949275 0.348370 0.040580 0.031522
1 0.732609 0.458152 0.059420 0.042391
1 0.739130 0.564130 0.055072 0.039130
1 0.421014 0.610870 0.065217 0.034783
1 0.166667 0.718478 0.046377 0.026087
1 0.205072 0.751087 0.044928 0.032609
1 0.315217 0.770652 0.050725 0.023913
1 0.297826 0.651630 0.053623 0.035870
1 0.213768 0.694022 0.047826 0.042391
1 0.606522 0.646196 0.044928 0.035870
1 0.381159 0.665217 0.043478 0.039130
1 0.466667 0.678261 0.043478 0.036957
1 0.602174 0.748370 0.042029 0.038043
