3 0.690656 0.257200 0.055985 0.058517
3 0.562093 0.235754 0.052524 0.040748
3 0.617875 0.268842 0.045603 0.056066
3 0.656861 0.306985 0.028705 0.050858
3 0.567182 0.313266 0.042345 0.058517
3 0.628054 0.371783 0.032166 0.089154
3 0.695745 0.375766 0.038884 0.076287
3 0.585810 0.453431 0.045806 0.063725
3 0.628054 0.452206 0.035423 0.066176
3 0.681393 0.474877 0.047231 0.081495
3 0.652586 0.542433 0.047435 0.094056
3 0.600163 0.603554 0.033795 0.068627
3 0.604438 0.688879 0.032166 0.060968
3 0.694829 0.716912 0.043974 0.061275
3 0.742264 0.352788 0.061075 0.102022
