2 0.331395 0.183110 0.063953 0.035117
2 0.534884 0.054348 0.058140 0.035117
2 0.623547 0.097826 0.061047 0.028428
2 0.607558 0.122074 0.052326 0.033445
2 0.702035 0.154682 0.072674 0.028428
2 0.632267 0.184783 0.101744 0.038462
2 0.815407 0.133779 0.055233 0.026756
2 0.816860 0.163880 0.063953 0.043478
2 0.893895 0.185619 0.066860 0.036789
2 0.882267 0.255017 0.072674 0.041806
2 0.908430 0.289298 0.078488 0.040134
2 0.965116 0.236622 0.058140 0.041806
2 0.726744 0.433946 0.063953 0.055184
2 0.806686 0.413880 0.072674 0.028428
2 0.956395 0.373746 0.040698 0.048495
2 0.937500 0.451505 0.066860 0.046823
2 0.915698 0.490803 0.063953 0.035117
2 0.827035 0.477425 0.061047 0.035117
2 0.744186 0.473244 0.063953 0.040134
2 0.715116 0.529264 0.069767 0.038462
2 0.792151 0.515886 0.037791 0.041806
2 0.795058 0.548495 0.072674 0.036789
2 0.764535 0.580268 0.058140 0.050167
2 0.847384 0.591973 0.084302 0.046823
2 0.930233 0.551839 0.046512 0.033445
2 0.765988 0.684783 0.084302 0.028428
2 0.699128 0.695652 0.072674 0.046823
2 0.688953 0.619565 0.046512 0.048495
2 0.706395 0.812709 0.087209 0.040134
2 0.584302 0.841137 0.063953 0.036789
2 0.530523 0.538462 0.066860 0.033445
2 0.553779 0.597826 0.078488 0.055184
2 0.600291 0.582776 0.061047 0.025084
2 0.611919 0.755853 0.084302 0.046823
2 0.797965 0.281773 0.066860 0.048495
