1 0.446152 0.314491 0.037256 0.071385
1 0.383550 0.520833 0.043974 0.050858
1 0.449613 0.506893 0.037256 0.053615
1 0.656861 0.282782 0.045806 0.053309
1 0.485953 0.561581 0.028909 0.045956
1 0.525651 0.653186 0.030537 0.050858
1 0.375102 0.662224 0.037256 0.068934
1 0.501120 0.845435 0.038884 0.053615
1 0.453787 0.152880 0.025244 0.048407
1 0.415717 0.391085 0.040717 0.040748
1 0.384467 0.427849 0.035627 0.058517
1 0.615330 0.219056 0.027077 0.048407
1 0.419992 0.543811 0.032166 0.050858
1 0.414902 0.627757 0.028909 0.035539
1 0.521478 0.555147 0.042142 0.079044
1 0.538375 0.603707 0.025448 0.043199
1 0.442793 0.604933 0.026873 0.035846
1 0.485138 0.667279 0.033795 0.037990
1 0.496132 0.706801 0.021987 0.035539
1 0.494401 0.805913 0.025448 0.025429
1 0.531657 0.755055 0.038884 0.060968
1 0.528196 0.701593 0.025448 0.035539
1 0.558734 0.510570 0.035627 0.056066
1 0.513029 0.911612 0.028909 0.058517
1 0.553644 0.933364 0.035627 0.040748
1 0.413172 0.785692 0.038884 0.045650
1 0.437704 0.776654 0.040717 0.048407
1 0.388640 0.728248 0.033795 0.033088
1 0.309141 0.627757 0.023819 0.066176
1 0.382125 0.259498 0.035831 0.055147
1 0.479438 0.143689 0.017101 0.039216
1 0.508347 0.121017 0.026059 0.037990
1 0.374796 0.821998 0.030945 0.045343
1 0.387011 0.798713 0.027687 0.050245
1 0.396376 0.895527 0.023616 0.040441
1 0.379275 0.866728 0.030130 0.039216
1 0.428135 0.835478 0.028502 0.033088
1 0.431800 0.654105 0.022801 0.030637
1 0.440757 0.566483 0.027687 0.041667
1 0.371539 0.565870 0.026059 0.040441
1 0.404112 0.454350 0.026059 0.040441
1 0.395969 0.346507 0.029316 0.033088
1 0.386197 0.387561 0.027687 0.036765
1 0.617467 0.154105 0.035831 0.042892
1 0.679357 0.194547 0.026059 0.042892
1 0.475774 0.205576 0.024430 0.040441
1 0.362581 0.482537 0.034202 0.033088
1 0.475774 0.759498 0.032573 0.040441
1 0.552321 0.655331 0.027687 0.040441
1 0.573086 0.841605 0.023616 0.033088
1 0.566572 0.871630 0.025244 0.029412
1 0.568607 0.897978 0.052117 0.033088
1 0.602402 0.888787 0.023616 0.044118
1 0.603624 0.921875 0.034202 0.026961
1 0.564943 0.728860 0.033388 0.047794
1 0.456637 0.461703 0.043160 0.047794
1 0.423249 0.184130 0.021987 0.036765
1 0.446865 0.229473 0.028502 0.034314
1 0.442793 0.876532 0.041531 0.044118
1 0.415513 0.885723 0.021173 0.045343
1 0.473738 0.790748 0.025244 0.036765
1 0.456230 0.691483 0.032573 0.044118
1 0.478624 0.631434 0.030130 0.041667
1 0.511197 0.613051 0.026873 0.029412
