2 0.489844 0.154930 0.039062 0.028169
2 0.425000 0.249413 0.043750 0.036385
2 0.462500 0.278169 0.056250 0.044601
2 0.635938 0.295775 0.087500 0.049296
2 0.753906 0.376761 0.029687 0.028169
2 0.439063 0.630869 0.056250 0.043427
2 0.823438 0.420188 0.062500 0.039906
2 0.798438 0.448944 0.059375 0.036385
2 0.675000 0.736502 0.050000 0.024648
2 0.607812 0.735329 0.050000 0.026995
2 0.742188 0.332746 0.071875 0.059859
2 0.727344 0.379108 0.057813 0.063380
2 0.799219 0.355047 0.067187 0.050469
2 0.757812 0.484742 0.062500 0.035211
2 0.817187 0.490023 0.062500 0.050469
2 0.709375 0.508803 0.071875 0.031690
2 0.722656 0.538732 0.045312 0.046948
2 0.707812 0.576291 0.050000 0.032864
2 0.673438 0.527582 0.053125 0.034038
2 0.660937 0.556338 0.056250 0.046948
2 0.581250 0.564554 0.050000 0.030516
2 0.566406 0.599765 0.051562 0.030516
2 0.534375 0.564554 0.043750 0.030516
2 0.402344 0.705399 0.042188 0.032864
2 0.460156 0.700704 0.051562 0.037559
2 0.378906 0.734742 0.035937 0.030516
2 0.392188 0.776995 0.062500 0.044601
2 0.456250 0.776995 0.046875 0.035211
2 0.491406 0.775822 0.029687 0.028169
2 0.526563 0.791667 0.034375 0.045775
2 0.554688 0.767606 0.056250 0.042254
