2 0.244377 0.406250 0.058805 0.037616
2 0.283740 0.420573 0.049486 0.030961
2 0.303503 0.454861 0.054306 0.064236
2 0.321819 0.392940 0.051735 0.037616
2 0.458548 0.160012 0.024422 0.028935
2 0.496787 0.149016 0.046915 0.042245
2 0.553342 0.116898 0.046915 0.039931
2 0.591581 0.125723 0.049486 0.048900
2 0.585476 0.173322 0.056555 0.037616
2 0.537436 0.227720 0.063946 0.044560
2 0.585476 0.251013 0.026992 0.033275
2 0.627410 0.265336 0.051735 0.053241
2 0.729434 0.222222 0.044344 0.055556
2 0.778599 0.340712 0.029563 0.044271
2 0.219794 0.635706 0.029563 0.026620
2 0.277635 0.645689 0.032134 0.028646
2 0.257873 0.685475 0.051735 0.037616
2 0.296112 0.681134 0.054306 0.042245
2 0.324389 0.664497 0.042095 0.035590
2 0.377249 0.660156 0.044344 0.030961
2 0.362629 0.696615 0.024743 0.024595
2 0.315874 0.715422 0.029563 0.022280
2 0.334190 0.730903 0.032134 0.026620
2 0.360219 0.747685 0.029563 0.024306
2 0.360058 0.789786 0.034383 0.033275
2 0.431395 0.688802 0.049165 0.044271
2 0.479595 0.678819 0.036954 0.050926
2 0.535026 0.728877 0.044344 0.039931
2 0.489396 0.734375 0.041774 0.042245
