2 0.489396 0.356192 0.032134 0.039931
2 0.459833 0.309751 0.066195 0.057581
2 0.505463 0.325231 0.044344 0.035301
2 0.607648 0.225550 0.041774 0.044271
2 0.520084 0.176794 0.078728 0.053241
2 0.515263 0.092448 0.063946 0.048900
2 0.574389 0.061343 0.049165 0.039931
2 0.908098 0.336227 0.041774 0.053241
2 0.954852 0.327402 0.066517 0.044271
2 0.431555 0.672164 0.039203 0.037616
2 0.480720 0.660156 0.044344 0.044271
2 0.518798 0.699942 0.036954 0.039931
2 0.717063 0.709925 0.034383 0.019965
2 0.720758 0.744358 0.041774 0.017650
2 0.756427 0.699942 0.029563 0.039931
2 0.778760 0.674334 0.039524 0.019965
2 0.778760 0.698785 0.024743 0.028935
2 0.775064 0.756510 0.046915 0.024595
2 0.761568 0.776476 0.044344 0.028646
2 0.776350 0.794126 0.029563 0.033275
2 0.729434 0.818721 0.034704 0.033275
2 0.841420 0.830874 0.036954 0.035590
2 0.845276 0.693287 0.034383 0.039931
2 0.904242 0.667679 0.039203 0.033275
2 0.864878 0.597946 0.019602 0.044271
2 0.813143 0.640191 0.034383 0.030961
2 0.898136 0.539207 0.026992 0.019965
2 0.943766 0.513600 0.029563 0.039931
2 0.957102 0.540365 0.036954 0.030961
2 0.791131 0.124566 0.029563 0.033275
2 0.501767 0.816406 0.036954 0.041956
2 0.293541 0.561343 0.039524 0.055556
2 0.379820 0.632234 0.039203 0.037616
