3 0.698290 0.338848 0.030537 0.048407
3 0.543465 0.254749 0.015269 0.038297
3 0.685668 0.472426 0.021987 0.045956
3 0.711828 0.542586 0.023819 0.048407
3 0.620521 0.596048 0.020358 0.038297
3 0.596804 0.574295 0.016897 0.045650
3 0.599349 0.734681 0.032166 0.050858
3 0.597618 0.827665 0.025448 0.038297
3 0.638233 0.793352 0.028909 0.025429
3 0.645053 0.822610 0.028705 0.033088
3 0.688111 0.761489 0.030537 0.033395
3 0.704194 0.789522 0.021987 0.033088
3 0.732186 0.780637 0.027077 0.045956
3 0.680476 0.709252 0.018526 0.050858
3 0.658489 0.713082 0.015269 0.043199
3 0.714373 0.458333 0.025244 0.048407
3 0.612887 0.201287 0.025448 0.043505
