3 0.480720 0.240885 0.019923 0.044271
3 0.559608 0.410590 0.039524 0.028935
3 0.408098 0.706597 0.032134 0.035301
3 0.446337 0.728733 0.039203 0.017650
3 0.421754 0.754340 0.039524 0.024306
3 0.373715 0.732060 0.041774 0.037616
3 0.280045 0.726562 0.042095 0.035301
3 0.286311 0.757523 0.044344 0.026620
3 0.344152 0.791956 0.046915 0.024306
3 0.381105 0.837529 0.026992 0.030961
3 0.323265 0.831887 0.044344 0.042245
3 0.585315 0.892795 0.036954 0.030961
3 0.597847 0.925058 0.036954 0.024306
3 0.384640 0.931713 0.044344 0.037616
