2 0.521369 0.286458 0.042095 0.037616
2 0.715778 0.318576 0.066517 0.048611
2 0.777474 0.364149 0.051735 0.033275
2 0.815713 0.437211 0.049165 0.042245
2 0.872269 0.537037 0.063946 0.028935
2 0.837725 0.467159 0.044344 0.035590
2 0.691195 0.592448 0.041774 0.046586
2 0.625964 0.598090 0.059126 0.039931
2 0.692641 0.633391 0.063946 0.048611
2 0.734254 0.644531 0.044344 0.035590
2 0.781170 0.654514 0.064267 0.046296
2 0.282616 0.672309 0.051735 0.046586
2 0.570533 0.711082 0.066517 0.030961
2 0.549647 0.755353 0.039524 0.035590
2 0.602667 0.760995 0.051735 0.042245
2 0.635765 0.721065 0.063946 0.042245
2 0.702281 0.795284 0.054306 0.044271
2 0.744216 0.702112 0.034704 0.035590
2 0.565713 0.879485 0.046594 0.035590
2 0.645887 0.910590 0.014781 0.013310
2 0.486825 0.843027 0.061697 0.041956
2 0.414364 0.897280 0.039524 0.044560
2 0.429145 0.940538 0.063946 0.033275
2 0.362468 0.870660 0.044344 0.053241
2 0.538721 0.899450 0.036954 0.030961
