1 0.302171 0.536918 0.054282 0.052970
1 0.354644 0.519262 0.028951 0.046549
1 0.356454 0.413323 0.042220 0.043339
1 0.504825 0.234350 0.047045 0.054575
1 0.458384 0.177368 0.053076 0.062600
1 0.226176 0.304173 0.049457 0.072231
1 0.393245 0.346709 0.074789 0.054575
1 0.433655 0.551364 0.063932 0.059390
1 0.457780 0.631621 0.044632 0.065811
1 0.374548 0.634831 0.039807 0.059390
1 0.352835 0.662119 0.037394 0.052970
1 0.333534 0.654896 0.049457 0.032103
1 0.290109 0.701445 0.013269 0.038523
1 0.326297 0.712681 0.027744 0.041734
1 0.347407 0.733547 0.026538 0.035313
1 0.377563 0.700642 0.038601 0.033708
1 0.411942 0.672552 0.027744 0.038523
1 0.444511 0.712681 0.042220 0.041734
1 0.355850 0.803371 0.026538 0.059390
1 0.428830 0.800161 0.037394 0.052970
1 0.478890 0.798555 0.038601 0.056180
1 0.516285 0.764045 0.038601 0.051364
1 0.532569 0.699037 0.051870 0.059390
1 0.556092 0.748796 0.038601 0.056180
1 0.639324 0.691814 0.031363 0.044944
1 0.656212 0.670947 0.028951 0.032103
1 0.656815 0.719101 0.030157 0.038523
1 0.497587 0.589888 0.032569 0.075441
1 0.575392 0.468700 0.053076 0.038523
1 0.644150 0.514446 0.055489 0.078652
1 0.457177 0.487961 0.050663 0.060995
1 0.709288 0.623596 0.024125 0.030498
1 0.683957 0.603531 0.050663 0.064205
1 0.337153 0.287319 0.030157 0.032103
1 0.394451 0.278491 0.031363 0.033708
1 0.423402 0.284912 0.026538 0.043339
1 0.447527 0.415730 0.024125 0.035313
1 0.514475 0.409310 0.037394 0.038523
1 0.475271 0.447833 0.033776 0.035313
1 0.510856 0.544944 0.025332 0.030498
1 0.556695 0.575441 0.037394 0.040128
1 0.547648 0.646870 0.026538 0.048154
1 0.595296 0.626806 0.030157 0.046549
1 0.607961 0.701445 0.024125 0.032103
1 0.427624 0.846709 0.020507 0.033708
1 0.405911 0.857143 0.027744 0.028892
1 0.362485 0.856340 0.032569 0.036918
1 0.328106 0.843499 0.028951 0.033708
1 0.299759 0.819422 0.032569 0.036918
1 0.284077 0.776886 0.025332 0.032103
1 0.327503 0.770465 0.027744 0.032103
1 0.413752 0.731942 0.024125 0.038523
