2 0.368734 0.280816 0.061375 0.035590
2 0.475739 0.102431 0.054306 0.037616
2 0.204852 0.516927 0.049165 0.046586
2 0.180431 0.579138 0.054306 0.059896
2 0.184126 0.635706 0.032134 0.013310
2 0.205013 0.671152 0.039203 0.022280
2 0.207423 0.692274 0.034383 0.033275
2 0.241967 0.713252 0.029563 0.048611
2 0.265263 0.688802 0.031812 0.035590
2 0.299807 0.664497 0.041774 0.039641
2 0.270244 0.619068 0.041774 0.041956
2 0.308483 0.531395 0.044344 0.030961
2 0.450032 0.579138 0.046594 0.033275
2 0.333066 0.699942 0.054306 0.026620
2 0.323104 0.745370 0.039524 0.028935
2 0.351542 0.796441 0.041774 0.037905
2 0.388496 0.776476 0.056555 0.041956
2 0.405688 0.715422 0.027314 0.035590
2 0.436536 0.669994 0.034383 0.046586
2 0.591581 0.676649 0.039203 0.024595
2 0.532455 0.894965 0.044344 0.026620
2 0.531170 0.934896 0.032134 0.039931
2 0.573104 0.920573 0.042095 0.051215
