2 0.463528 0.500434 0.039524 0.017650
2 0.448747 0.514757 0.049165 0.015625
2 0.365039 0.517072 0.034704 0.042245
2 0.338046 0.536892 0.044344 0.046586
2 0.266388 0.482639 0.059126 0.039931
2 0.205013 0.280816 0.044344 0.022280
2 0.177860 0.309606 0.039524 0.026620
2 0.049807 0.307436 0.014781 0.017650
2 0.071979 0.399595 0.059126 0.037616
2 0.239396 0.562500 0.044344 0.031250
2 0.171754 0.559172 0.027314 0.028646
2 0.207423 0.575810 0.029242 0.017940
2 0.158258 0.649016 0.039524 0.035301
2 0.150868 0.609086 0.024743 0.026620
2 0.238111 0.668981 0.032134 0.026620
2 0.255463 0.691117 0.032134 0.035590
2 0.229595 0.729890 0.034383 0.037905
2 0.191356 0.743200 0.036954 0.046586
2 0.118895 0.678819 0.059126 0.037616
2 0.106523 0.707755 0.049165 0.042245
2 0.107648 0.746528 0.041774 0.044560
2 0.055913 0.798611 0.056555 0.042245
2 0.071979 0.745515 0.049486 0.046586
2 0.230720 0.306424 0.026992 0.024306
