2 0.739235 0.514757 0.024743 0.028935
2 0.863753 0.474826 0.041774 0.024306
2 0.887050 0.505932 0.029242 0.024595
2 0.942481 0.515914 0.046915 0.035301
2 0.850096 0.511429 0.034383 0.035590
2 0.640746 0.586806 0.029563 0.026620
2 0.632230 0.621238 0.031812 0.028935
2 0.811857 0.542535 0.036954 0.039931
2 0.878374 0.571325 0.036954 0.030961
2 0.790970 0.654514 0.049165 0.042245
2 0.805752 0.709925 0.039524 0.037905
2 0.773779 0.755498 0.034704 0.026620
2 0.742931 0.783131 0.041774 0.033275
2 0.699871 0.768663 0.029563 0.035590
2 0.792256 0.819734 0.056877 0.031250
2 0.733130 0.820891 0.036954 0.028935
2 0.722044 0.862992 0.029563 0.041956
2 0.784865 0.878328 0.061375 0.033275
2 0.856362 0.768663 0.032134 0.030961
2 0.807037 0.784144 0.027314 0.039931
2 0.917738 0.782118 0.032134 0.039931
2 0.904242 0.714265 0.024422 0.033275
2 0.942481 0.685619 0.046915 0.046586
2 0.978149 0.694444 0.029563 0.028935
2 0.917738 0.373987 0.032134 0.035590
