2 0.589169 0.620098 0.021987 0.050858
2 0.422435 0.618873 0.023616 0.043505
2 0.435159 0.581955 0.042142 0.045650
2 0.534202 0.488971 0.023616 0.028186
2 0.705110 0.335018 0.027077 0.056066
2 0.401364 0.557751 0.028705 0.027880
2 0.387826 0.593444 0.025244 0.037990
2 0.476588 0.606158 0.023616 0.027880
2 0.458062 0.644455 0.023616 0.038297
2 0.516490 0.529718 0.021987 0.053309
2 0.540106 0.575674 0.032166 0.033088
2 0.605252 0.558977 0.023616 0.040748
2 0.602708 0.678768 0.028705 0.040748
2 0.642508 0.663450 0.023616 0.045650
2 0.578176 0.860754 0.030537 0.043199
2 0.643322 0.854473 0.025244 0.045956
2 0.657675 0.896446 0.033998 0.053309
