1 0.768798 0.523727 0.039524 0.050926
1 0.723329 0.532552 0.041774 0.041956
1 0.649422 0.521412 0.066195 0.042245
1 0.600257 0.583478 0.056555 0.033275
1 0.755302 0.555845 0.061375 0.013310
1 0.755302 0.601418 0.051735 0.046586
1 0.660508 0.662326 0.049165 0.035301
1 0.653117 0.695602 0.069087 0.039931
1 0.756587 0.675492 0.034383 0.044271
1 0.722044 0.653501 0.049486 0.044271
1 0.788560 0.709925 0.053985 0.028646
1 0.653117 0.735388 0.054306 0.044271
1 0.564589 0.733218 0.044344 0.044560
1 0.601542 0.619068 0.044344 0.037905
1 0.662918 0.618056 0.053985 0.039931
1 0.601382 0.870660 0.049165 0.048611
1 0.598972 0.818576 0.049486 0.050926
1 0.664203 0.815249 0.061697 0.075521
1 0.555913 0.851852 0.061697 0.042245
1 0.557037 0.891782 0.063946 0.028935
1 0.554627 0.923900 0.068766 0.044560
1 0.411793 0.900608 0.049165 0.037905
1 0.365039 0.906250 0.053985 0.053241
1 0.297237 0.342882 0.046915 0.039931
1 0.464653 0.282986 0.071337 0.039931
1 0.511568 0.656684 0.041774 0.033275
1 0.538560 0.687789 0.041774 0.015625
1 0.606362 0.662182 0.034704 0.030961
1 0.735701 0.744213 0.051735 0.053241
1 0.717224 0.787616 0.059126 0.037616
1 0.558001 0.671586 0.045308 0.031829
1 0.495501 0.938513 0.035347 0.025174
1 0.697622 0.690972 0.027635 0.028935
1 0.549647 0.591291 0.042095 0.032697
1 0.341420 0.321325 0.042095 0.033854
1 0.377410 0.511429 0.034383 0.043113
1 0.693927 0.571325 0.042095 0.039062
1 0.584672 0.289497 0.040810 0.032118
1 0.503213 0.242043 0.033419 0.025174
1 0.505463 0.071904 0.039846 0.037905
1 0.547558 0.119358 0.062339 0.043113
1 0.400225 0.322772 0.033098 0.026910
1 0.498715 0.880064 0.039846 0.024016
1 0.430591 0.867188 0.032134 0.021991
1 0.598490 0.785880 0.028599 0.032986
1 0.610058 0.729890 0.049807 0.052951
1 0.703728 0.606192 0.044344 0.032986
1 0.829531 0.562355 0.038882 0.035012
1 0.832262 0.505498 0.039846 0.038773
1 0.692641 0.750868 0.033098 0.032986
1 0.628374 0.884693 0.031170 0.030961
1 0.521530 0.800781 0.041131 0.040799
1 0.656812 0.593750 0.027635 0.031829
1 0.602988 0.557870 0.035668 0.034144
1 0.490521 0.845197 0.043380 0.026042
1 0.815713 0.460503 0.028599 0.026910
1 0.792416 0.449653 0.033419 0.024884
1 0.557037 0.640191 0.034383 0.021123
1 0.644441 0.778356 0.034383 0.031829
1 0.463850 0.873553 0.034383 0.028935
1 0.442802 0.928964 0.043059 0.029803
1 0.533740 0.953993 0.027635 0.026042
