2 0.375102 0.398744 0.040513 0.040748
2 0.353115 0.506893 0.044178 0.058517
2 0.321763 0.455882 0.035627 0.053309
2 0.320949 0.601103 0.047435 0.068627
2 0.382736 0.662071 0.025244 0.048407
2 0.399634 0.571691 0.021987 0.045956
2 0.466511 0.547488 0.030334 0.048407
2 0.549369 0.654565 0.030334 0.038297
2 0.510383 0.639246 0.043974 0.058517
2 0.471600 0.700368 0.027077 0.048407
2 0.512215 0.669884 0.023616 0.038297
2 0.537561 0.696538 0.033998 0.045650
2 0.496844 0.764093 0.027077 0.053309
2 0.461421 0.784314 0.027077 0.033088
2 0.518119 0.792126 0.025244 0.043199
2 0.408998 0.716912 0.033795 0.055760
2 0.617875 0.939645 0.045603 0.063725
2 0.546010 0.849418 0.023616 0.040748
2 0.539292 0.939798 0.033795 0.058517
2 0.508347 0.166360 0.030945 0.042892
2 0.551507 0.595895 0.024430 0.039216
