2 0.613753 0.314236 0.039203 0.026620
2 0.346562 0.327402 0.031812 0.017650
2 0.313303 0.303096 0.034704 0.022280
2 0.251767 0.359664 0.039524 0.024306
2 0.271369 0.375145 0.039524 0.033275
2 0.200032 0.523727 0.044023 0.024306
2 0.158098 0.609086 0.044344 0.026620
2 0.143316 0.653501 0.044344 0.044271
2 0.183965 0.650174 0.036954 0.037616
2 0.230720 0.630208 0.041774 0.037616
2 0.263978 0.611256 0.034383 0.035590
2 0.314589 0.612413 0.041774 0.033275
2 0.390906 0.582465 0.051735 0.044560
2 0.278760 0.634549 0.034383 0.024306
2 0.328085 0.675637 0.049486 0.026620
2 0.285026 0.679977 0.032134 0.031250
2 0.280045 0.724248 0.042095 0.039931
2 0.400707 0.633391 0.041774 0.026620
2 0.389621 0.660156 0.039524 0.030961
2 0.374839 0.737703 0.054306 0.044271
2 0.431555 0.691117 0.029563 0.030961
2 0.469634 0.686632 0.036954 0.031250
2 0.508997 0.857350 0.032134 0.048611
2 0.575514 0.886140 0.041774 0.030961
2 0.650546 0.828559 0.034383 0.030961
