2 0.542651 0.280178 0.016897 0.027880
2 0.568811 0.304381 0.018730 0.030331
2 0.313416 0.664675 0.025448 0.027880
2 0.305680 0.630362 0.016897 0.040748
2 0.359019 0.572917 0.028705 0.048407
2 0.380191 0.528493 0.027077 0.025735
2 0.386910 0.550092 0.016897 0.038297
2 0.389454 0.581955 0.011808 0.030331
2 0.447883 0.564185 0.037052 0.035846
2 0.440248 0.603554 0.025448 0.028186
2 0.424980 0.649510 0.018526 0.053309
2 0.478318 0.566636 0.044178 0.040748
2 0.508856 0.574295 0.037256 0.040748
2 0.490228 0.678615 0.030537 0.050858
2 0.439434 0.750153 0.027077 0.040748
2 0.488498 0.760263 0.040513 0.060968
2 0.557003 0.654565 0.035423 0.053615
2 0.378461 0.655790 0.023616 0.040748
2 0.415717 0.569087 0.030537 0.040748
2 0.405639 0.609988 0.037256 0.061275
2 0.368384 0.682598 0.027077 0.048407
2 0.474145 0.631587 0.021987 0.043199
2 0.525753 0.646906 0.050692 0.038297
