2 0.677699 0.390770 0.053985 0.033275
2 0.408098 0.240885 0.056555 0.044271
2 0.697461 0.341869 0.049165 0.028646
2 0.780045 0.521557 0.036954 0.046586
2 0.724614 0.471644 0.029563 0.039931
2 0.733130 0.535880 0.046594 0.044560
2 0.659222 0.563513 0.051735 0.046586
2 0.710958 0.579138 0.036954 0.028646
2 0.745341 0.591291 0.036954 0.022280
2 0.746626 0.614583 0.039524 0.042245
2 0.784865 0.613426 0.042095 0.039931
2 0.655688 0.591435 0.049165 0.039931
2 0.696176 0.604745 0.036954 0.026620
2 0.649422 0.637876 0.051414 0.044271
2 0.691195 0.728877 0.041774 0.039931
2 0.697461 0.684317 0.054306 0.039931
2 0.603792 0.697772 0.044344 0.044271
2 0.633515 0.723235 0.034383 0.037905
2 0.516388 0.656684 0.026992 0.033275
2 0.498072 0.678819 0.029563 0.042245
2 0.536150 0.725550 0.046594 0.033275
2 0.515263 0.751013 0.049165 0.044271
2 0.579210 0.777633 0.049165 0.044271
2 0.549647 0.805266 0.039524 0.042245
2 0.601542 0.834057 0.044344 0.041956
2 0.457423 0.942708 0.051735 0.037616
