1 0.243893 0.221661 0.021987 0.038297
1 0.238905 0.161918 0.031963 0.025429
1 0.215187 0.187194 0.021987 0.035539
1 0.180578 0.217984 0.030537 0.040748
1 0.172028 0.271293 0.030537 0.035846
1 0.162765 0.332414 0.031963 0.050858
1 0.210200 0.319700 0.028705 0.045650
1 0.237174 0.265012 0.042345 0.053309
1 0.244809 0.375766 0.030334 0.045650
1 0.246539 0.308211 0.023616 0.033088
1 0.304051 0.345129 0.023819 0.051164
1 0.276975 0.393536 0.033998 0.060968
1 0.300692 0.487898 0.023616 0.040748
1 0.307410 0.513327 0.033795 0.040748
1 0.360749 0.490349 0.035423 0.060968
1 0.491857 0.466146 0.020358 0.043199
1 0.510485 0.441942 0.030334 0.056066
1 0.524939 0.398744 0.049064 0.025429
1 0.526568 0.368107 0.035627 0.051164
1 0.616246 0.405025 0.052524 0.068627
1 0.570542 0.394761 0.028705 0.038297
1 0.535016 0.445772 0.035423 0.033088
1 0.501120 0.497855 0.035627 0.045956
1 0.567997 0.505515 0.030537 0.035539
1 0.526568 0.537531 0.049064 0.058517
1 0.605252 0.534773 0.040717 0.058517
1 0.636502 0.527114 0.038884 0.043199
1 0.669585 0.520833 0.030537 0.035539
1 0.682207 0.571691 0.028909 0.045956
1 0.715289 0.444547 0.037256 0.035539
1 0.728726 0.387102 0.037256 0.053615
1 0.710912 0.323529 0.055782 0.083946
1 0.758347 0.308211 0.039088 0.063725
1 0.667040 0.315870 0.049064 0.058824
1 0.673758 0.248315 0.045806 0.060968
1 0.838762 0.242034 0.040717 0.058824
1 0.830314 0.317249 0.027077 0.056066
1 0.788783 0.365502 0.045806 0.066176
1 0.833673 0.441942 0.033795 0.056066
1 0.770155 0.515778 0.052524 0.051164
1 0.748270 0.564185 0.038884 0.025429
1 0.763436 0.638021 0.032166 0.056066
1 0.723738 0.697763 0.043974 0.058517
1 0.731270 0.632812 0.039088 0.056066
1 0.661136 0.699142 0.037256 0.050858
1 0.799776 0.436887 0.040513 0.066176
1 0.762622 0.445772 0.033795 0.048407
1 0.689027 0.527267 0.035627 0.063725
1 0.848025 0.489124 0.049064 0.043199
1 0.837134 0.552696 0.054153 0.058824
1 0.799776 0.668505 0.030334 0.076593
1 0.834487 0.732230 0.032166 0.071078
1 0.527382 0.606158 0.030334 0.038297
1 0.570542 0.587010 0.042142 0.061275
1 0.595888 0.653339 0.045603 0.060968
1 0.584080 0.463542 0.035423 0.063725
1 0.387011 0.539982 0.030537 0.068934
1 0.419992 0.602328 0.032166 0.035539
1 0.339577 0.444393 0.040717 0.056066
1 0.292243 0.455882 0.040513 0.043505
1 0.323493 0.375766 0.045603 0.056066
