2 0.586761 0.642361 0.044344 0.039931
2 0.515263 0.650029 0.024743 0.046586
2 0.542256 0.579138 0.049165 0.046586
2 0.440071 0.658999 0.066517 0.046586
2 0.302217 0.767650 0.061375 0.042245
2 0.105238 0.708912 0.031812 0.026620
2 0.094152 0.743200 0.029563 0.033275
2 0.129981 0.739873 0.036954 0.026620
2 0.133515 0.784144 0.039524 0.026620
2 0.191356 0.658854 0.022172 0.037616
2 0.222204 0.621383 0.029242 0.019965
2 0.240681 0.676649 0.032134 0.041956
2 0.291131 0.673322 0.005141 0.008681
2 0.272654 0.664497 0.031812 0.039641
2 0.244377 0.728733 0.034383 0.022280
2 0.552057 0.424045 0.044344 0.033275
2 0.513978 0.263166 0.027314 0.022280
2 0.565713 0.252170 0.017031 0.030961
2 0.581780 0.273148 0.019602 0.015625
2 0.592866 0.292969 0.032134 0.033275
2 0.642192 0.303096 0.036954 0.035590
2 0.533580 0.301939 0.036954 0.041956
2 0.208708 0.778646 0.036954 0.050926
2 0.182841 0.805411 0.059126 0.059896
2 0.477024 0.969329 0.031812 0.024306
