2 0.451157 0.606916 0.044344 0.030961
2 0.437661 0.652344 0.032134 0.033275
2 0.494216 0.647859 0.041774 0.032986
2 0.450032 0.692130 0.051735 0.042245
2 0.453728 0.732060 0.029563 0.028935
2 0.483130 0.766493 0.024743 0.026620
2 0.490681 0.732060 0.029563 0.028935
2 0.506587 0.709925 0.042095 0.028646
2 0.545951 0.698929 0.026992 0.019965
2 0.532455 0.803096 0.029563 0.019965
2 0.546112 0.820891 0.022172 0.015625
2 0.566999 0.850694 0.024743 0.035301
2 0.605077 0.824219 0.041774 0.030961
2 0.582905 0.902922 0.046915 0.033275
2 0.628535 0.683304 0.029563 0.033275
2 0.669184 0.682147 0.017031 0.022280
2 0.741806 0.725405 0.039524 0.028935
2 0.719634 0.542535 0.049165 0.031250
2 0.686375 0.622396 0.056555 0.048611
2 0.728149 0.405093 0.056555 0.039931
2 0.372429 0.197772 0.029563 0.046586
2 0.493091 0.231047 0.034383 0.041956
