2 0.367449 0.348524 0.004820 0.015336
2 0.352667 0.320747 0.024743 0.044271
2 0.403278 0.323061 0.041774 0.044271
2 0.399582 0.361834 0.078728 0.015336
2 0.313303 0.260851 0.034704 0.044271
2 0.420308 0.296296 0.056555 0.039931
2 0.362629 0.235532 0.054306 0.037616
2 0.118895 0.535880 0.044344 0.057870
2 0.187821 0.545862 0.063946 0.055266
2 0.101542 0.639034 0.029563 0.028646
2 0.126125 0.662326 0.034383 0.026620
2 0.107648 0.756510 0.041774 0.051215
2 0.142192 0.730903 0.022172 0.066551
2 0.164364 0.675637 0.031812 0.053241
2 0.192802 0.691117 0.029563 0.044271
2 0.216099 0.709925 0.036954 0.015336
2 0.275064 0.679977 0.032134 0.035301
2 0.304627 0.639034 0.032134 0.055266
2 0.234576 0.628906 0.039203 0.044271
2 0.260283 0.747541 0.056555 0.046586
2 0.233290 0.777488 0.061697 0.039931
2 0.275064 0.831887 0.061697 0.046296
2 0.308323 0.876157 0.049165 0.037616
2 0.356523 0.882812 0.066517 0.042245
2 0.198747 0.887297 0.046594 0.041956
2 0.260443 0.876302 0.036954 0.019965
2 0.366324 0.777488 0.076478 0.053241
2 0.235701 0.919416 0.036954 0.030961
2 0.252892 0.940538 0.046915 0.028646
2 0.299807 0.959491 0.061697 0.039931
