2 0.470758 0.164497 0.044344 0.028646
2 0.431395 0.105613 0.049165 0.039931
2 0.262693 0.327402 0.066517 0.048900
2 0.243091 0.376302 0.051735 0.070891
2 0.180431 0.387297 0.054306 0.044271
2 0.193766 0.337529 0.056555 0.019965
2 0.149582 0.290799 0.036954 0.028935
2 0.176575 0.249855 0.051735 0.044271
2 0.133676 0.512587 0.044344 0.051215
2 0.191517 0.471499 0.056555 0.044271
2 0.239396 0.497106 0.039203 0.037616
2 0.222204 0.523727 0.034383 0.024306
2 0.173040 0.550347 0.054306 0.050926
2 0.203728 0.676649 0.056555 0.055266
2 0.232005 0.619068 0.044344 0.028646
2 0.249197 0.653356 0.039524 0.039931
2 0.307037 0.661169 0.051735 0.037616
2 0.347686 0.629051 0.044344 0.039931
2 0.403278 0.630208 0.046915 0.037616
2 0.280045 0.595775 0.056877 0.061921
2 0.430270 0.689959 0.061697 0.046586
2 0.378535 0.697627 0.061697 0.039931
2 0.344152 0.719907 0.032134 0.035301
2 0.386086 0.759838 0.051735 0.044560
2 0.198907 0.801939 0.056555 0.044271
2 0.223329 0.850694 0.071337 0.053241
2 0.271530 0.879485 0.044344 0.030961
2 0.438785 0.875145 0.049165 0.048900
