2 0.710958 0.217737 0.031812 0.037905
2 0.662918 0.207755 0.029563 0.017940
2 0.278920 0.653356 0.029563 0.026620
2 0.243091 0.484954 0.046594 0.066551
2 0.365039 0.746528 0.049486 0.039931
2 0.531170 0.742043 0.041774 0.030961
2 0.446176 0.756510 0.049165 0.046586
2 0.576799 0.846354 0.044344 0.026620
2 0.445051 0.689959 0.026992 0.033275
2 0.367609 0.639034 0.029563 0.028646
2 0.496787 0.183304 0.041774 0.048900
2 0.419184 0.359520 0.034383 0.046586
2 0.695051 0.285301 0.029563 0.031250
2 0.778760 0.349682 0.049165 0.030961
2 0.574389 0.204427 0.019602 0.028646
2 0.742931 0.211082 0.017352 0.024595
2 0.765103 0.207755 0.026992 0.031250
2 0.787436 0.246528 0.066517 0.042245
2 0.502892 0.294271 0.083548 0.066551
2 0.494216 0.369647 0.076478 0.048900
2 0.284865 0.582465 0.036954 0.053241
2 0.235701 0.576968 0.036954 0.028935
2 0.433965 0.833044 0.039524 0.035301
2 0.531330 0.664497 0.051735 0.039641
2 0.544826 0.933883 0.034383 0.041956
