1 0.551963 0.138978 0.046189 0.073482
1 0.436490 0.188498 0.055427 0.063898
1 0.450346 0.247604 0.046189 0.067093
1 0.490762 0.298722 0.034642 0.060703
1 0.526559 0.316294 0.041570 0.076677
1 0.390300 0.348243 0.036952 0.051118
1 0.222864 0.349840 0.043880 0.060703
1 0.687067 0.285942 0.062356 0.086262
1 0.594688 0.293930 0.043880 0.057508
1 0.756351 0.332268 0.030023 0.057508
1 0.797921 0.370607 0.030023 0.051118
1 0.167436 0.581470 0.048499 0.063898
1 0.345266 0.792332 0.039261 0.076677
1 0.375289 0.752396 0.034642 0.067093
1 0.250577 0.761981 0.039261 0.099042
1 0.247113 0.670927 0.046189 0.089457
1 0.294457 0.867412 0.039261 0.060703
1 0.387991 0.897764 0.073903 0.070288
1 0.429561 0.709265 0.050808 0.057508
1 0.501155 0.725240 0.041570 0.051118
1 0.521940 0.846645 0.050808 0.089457
1 0.743649 0.701278 0.036952 0.079872
1 0.758661 0.503195 0.034642 0.054313
1 0.766744 0.589457 0.055427 0.073482
1 0.711316 0.547923 0.027714 0.047923
1 0.722864 0.619808 0.046189 0.076677
1 0.662818 0.648562 0.032333 0.063898
1 0.709007 0.201278 0.069284 0.095847
1 0.612009 0.175719 0.055427 0.063898
1 0.509238 0.233227 0.048499 0.063898
1 0.521940 0.391374 0.055427 0.067093
1 0.680139 0.369010 0.048499 0.060703
1 0.700924 0.464856 0.062356 0.060703
1 0.533487 0.498403 0.055427 0.063898
1 0.579677 0.559105 0.050808 0.063898
1 0.583141 0.630990 0.071594 0.060703
1 0.613164 0.835463 0.048499 0.067093
1 0.448037 0.878594 0.036952 0.063898
1 0.769053 0.798722 0.050808 0.063898
1 0.399538 0.485623 0.041570 0.070288
1 0.439954 0.487220 0.039261 0.047923
1 0.465358 0.525559 0.043880 0.047923
1 0.433025 0.410543 0.039261 0.054313
1 0.620092 0.549521 0.030023 0.051118
1 0.606236 0.482428 0.034642 0.057508
1 0.755196 0.380192 0.036952 0.051118
1 0.793303 0.512780 0.030023 0.060703
1 0.439954 0.608626 0.043880 0.047923
1 0.385681 0.626198 0.046189 0.044728
1 0.368360 0.667732 0.043880 0.057508
1 0.326790 0.662939 0.025404 0.035144
1 0.307159 0.658147 0.032333 0.038339
1 0.243649 0.608626 0.043880 0.047923
1 0.210162 0.605431 0.036952 0.047923
1 0.279446 0.495208 0.041570 0.051118
1 0.391455 0.578275 0.034642 0.051118
1 0.543880 0.755591 0.043880 0.054313
1 0.511547 0.667732 0.076212 0.044728
1 0.580831 0.688498 0.039261 0.047923
1 0.615473 0.702875 0.039261 0.076677
1 0.697460 0.750799 0.046189 0.057508
1 0.711316 0.833866 0.046189 0.076677
