2 0.938625 0.594618 0.044344 0.050926
2 0.843991 0.722078 0.081298 0.030961
2 0.678985 0.829572 0.091260 0.064236
2 0.699871 0.718750 0.098329 0.055556
2 0.717063 0.666667 0.063946 0.017940
2 0.780045 0.597946 0.066517 0.044271
2 0.559608 0.926071 0.054306 0.035590
2 0.547237 0.787616 0.079049 0.050926
2 0.627410 0.749855 0.066517 0.037905
2 0.424004 0.621238 0.093509 0.042245
2 0.547237 0.268663 0.059126 0.033275
2 0.516549 0.290943 0.051735 0.033275
2 0.569409 0.122396 0.039203 0.037616
2 0.674004 0.125579 0.081298 0.053241
2 0.829210 0.312934 0.081298 0.033275
2 0.904242 0.356192 0.073907 0.039931
2 0.401992 0.301939 0.053985 0.033275
2 0.366324 0.388455 0.071337 0.037905
2 0.634640 0.919416 0.056555 0.017650
2 0.502892 0.872830 0.064267 0.035590
2 0.878374 0.640191 0.090938 0.084201
2 0.843991 0.600116 0.096080 0.053241
