2 0.523940 0.063657 0.051735 0.035301
2 0.384640 0.123409 0.059126 0.057581
2 0.511568 0.666667 0.046915 0.031250
2 0.475900 0.629051 0.044344 0.039931
2 0.456138 0.695457 0.063946 0.044271
2 0.329210 0.845197 0.036954 0.046296
2 0.502892 0.866175 0.044344 0.044271
2 0.640746 0.830874 0.029563 0.035590
2 0.074550 0.592448 0.014781 0.019965
2 0.275225 0.096788 0.051735 0.035590
2 0.309608 0.037037 0.066517 0.048611
2 0.217224 0.213252 0.039203 0.050926
2 0.118895 0.236545 0.044344 0.030961
2 0.117449 0.287471 0.036954 0.035590
2 0.137371 0.318576 0.036954 0.035301
2 0.198907 0.279803 0.071337 0.059606
2 0.282455 0.167824 0.041774 0.031250
2 0.107648 0.364005 0.056555 0.042245
2 0.085476 0.409578 0.056555 0.048900
2 0.183965 0.525897 0.022172 0.041956
2 0.184126 0.709925 0.056555 0.041956
2 0.138496 0.634549 0.044344 0.050926
2 0.377249 0.627894 0.044344 0.028935
2 0.376125 0.665654 0.031812 0.055266
2 0.144762 0.835214 0.066517 0.066262
