1 0.567708 0.618056 0.035417 0.036111
1 0.572917 0.754167 0.033333 0.041667
1 0.577083 0.659722 0.041667 0.041667
1 0.520833 0.811111 0.029167 0.055556
1 0.557292 0.830556 0.027083 0.033333
1 0.459375 0.875000 0.035417 0.055556
1 0.469792 0.540278 0.031250 0.019444
1 0.494792 0.193056 0.031250 0.036111
1 0.461458 0.198611 0.027083 0.030556
1 0.504167 0.233333 0.037500 0.033333
1 0.477083 0.286111 0.029167 0.027778
1 0.461458 0.316667 0.047917 0.033333
1 0.570833 0.237500 0.050000 0.041667
1 0.579167 0.301389 0.029167 0.063889
1 0.643750 0.337500 0.033333 0.052778
1 0.550000 0.338889 0.033333 0.033333
1 0.620833 0.320833 0.025000 0.047222
1 0.615625 0.258333 0.022917 0.033333
1 0.542708 0.369444 0.027083 0.027778
1 0.504167 0.372222 0.041667 0.055556
1 0.478125 0.412500 0.018750 0.030556
1 0.548958 0.425000 0.027083 0.038889
1 0.443750 0.393056 0.029167 0.047222
1 0.437500 0.458333 0.033333 0.038889
1 0.448958 0.579167 0.056250 0.052778
1 0.458333 0.647222 0.050000 0.050000
1 0.482292 0.676389 0.027083 0.036111
1 0.517708 0.687500 0.043750 0.058333
1 0.480208 0.736111 0.052083 0.044444
1 0.511458 0.759722 0.031250 0.036111
1 0.427083 0.686111 0.041667 0.038889
1 0.414583 0.722222 0.029167 0.055556
1 0.400000 0.651389 0.037500 0.036111
1 0.367708 0.658333 0.027083 0.038889
1 0.382292 0.773611 0.039583 0.036111
1 0.415625 0.838889 0.022917 0.050000
1 0.425000 0.780556 0.045833 0.066667
1 0.590625 0.712500 0.022917 0.036111
1 0.481250 0.780556 0.033333 0.044444
1 0.507292 0.438889 0.052083 0.077778
1 0.566667 0.480556 0.041667 0.033333
1 0.542708 0.495833 0.031250 0.030556
1 0.502083 0.315278 0.033333 0.036111
1 0.527083 0.322222 0.029167 0.038889
1 0.366667 0.715278 0.025000 0.025000
1 0.360417 0.737500 0.025000 0.030556
1 0.379167 0.738889 0.025000 0.044444
1 0.427083 0.536111 0.029167 0.033333
1 0.581250 0.398611 0.025000 0.036111
1 0.456250 0.523611 0.033333 0.030556
1 0.542708 0.719444 0.027083 0.044444
1 0.527083 0.416667 0.037500 0.055556
1 0.456250 0.269444 0.033333 0.038889
