1 0.905072 0.409239 0.076812 0.079348
1 0.671739 0.379891 0.071014 0.070652
1 0.603623 0.400543 0.053623 0.035870
1 0.554348 0.426630 0.050725 0.035870
1 0.565217 0.461413 0.023188 0.042391
1 0.626812 0.466848 0.053623 0.040217
1 0.600725 0.491304 0.047826 0.034783
1 0.712319 0.510326 0.071014 0.064130
1 0.643478 0.524457 0.055072 0.035870
1 0.650725 0.572283 0.052174 0.042391
1 0.689130 0.557609 0.042029 0.043478
1 0.557246 0.571196 0.056522 0.027174
1 0.563768 0.635326 0.049275 0.044565
1 0.519565 0.636413 0.050725 0.042391
1 0.525362 0.604348 0.039130 0.034783
1 0.539855 0.686413 0.056522 0.061957
1 0.495652 0.719565 0.060870 0.047826
1 0.510870 0.767935 0.062319 0.053261
1 0.436957 0.729891 0.073913 0.059783
1 0.336232 0.646196 0.031884 0.040217
1 0.378986 0.654891 0.047826 0.035870
1 0.413043 0.678804 0.031884 0.033696
1 0.384783 0.620109 0.024638 0.040217
1 0.406522 0.598370 0.056522 0.042391
1 0.463043 0.635326 0.033333 0.053261
1 0.445652 0.555435 0.056522 0.034783
1 0.528261 0.539674 0.068116 0.070652
1 0.500000 0.446739 0.052174 0.034783
1 0.463043 0.512500 0.068116 0.038043
1 0.383333 0.552174 0.085507 0.069565
1 0.448551 0.440761 0.039130 0.055435
1 0.402174 0.415761 0.076812 0.044565
1 0.349275 0.423370 0.040580 0.059783
1 0.360145 0.379891 0.062319 0.044565
1 0.342029 0.304891 0.043478 0.031522
1 0.397826 0.282065 0.091304 0.055435
1 0.307971 0.482065 0.042029 0.031522
1 0.397826 0.458152 0.056522 0.061957
1 0.520290 0.408152 0.052174 0.038043
1 0.583333 0.746739 0.062319 0.039130
1 0.579710 0.808696 0.052174 0.041304
1 0.556522 0.826630 0.052174 0.038043
1 0.515217 0.831522 0.047826 0.045652
1 0.605797 0.593478 0.057971 0.045652
1 0.462319 0.367391 0.055072 0.041304
1 0.306522 0.428261 0.056522 0.045652
1 0.349275 0.333152 0.046377 0.033696
1 0.393478 0.353261 0.062319 0.047826
1 0.505797 0.684783 0.060870 0.045652
1 0.773913 0.438587 0.060870 0.048913
1 0.423913 0.644022 0.053623 0.042391
1 0.762319 0.627717 0.069565 0.033696
1 0.619565 0.860326 0.062319 0.042391
1 0.834058 0.434783 0.073913 0.067391
1 0.800000 0.494565 0.075362 0.043478
