2 0.675387 0.378217 0.049064 0.056066
2 0.623880 0.346507 0.050692 0.033088
2 0.590086 0.285386 0.016897 0.043199
2 0.634874 0.245864 0.059243 0.091605
2 0.719463 0.403799 0.025244 0.045956
2 0.706739 0.440564 0.027077 0.033088
2 0.689027 0.491575 0.038884 0.053615
2 0.659406 0.510570 0.043974 0.071385
2 0.673758 0.551471 0.028705 0.035539
2 0.694116 0.578125 0.025448 0.053309
2 0.713559 0.519455 0.030537 0.058517
2 0.611971 0.574295 0.030537 0.045650
2 0.643221 0.611213 0.015269 0.012868
2 0.650041 0.579350 0.021987 0.050858
2 0.677117 0.613817 0.032166 0.038297
2 0.638233 0.654565 0.032166 0.053615
2 0.603522 0.662224 0.037256 0.038297
2 0.619605 0.702972 0.031963 0.058517
2 0.523107 0.559130 0.025448 0.035539
2 0.556189 0.694087 0.023616 0.060968
2 0.601792 0.604933 0.064332 0.060968
2 0.660220 0.719516 0.028909 0.071385
2 0.677117 0.668658 0.025244 0.056066
2 0.742264 0.496630 0.033795 0.048407
2 0.748982 0.612592 0.043974 0.071385
2 0.647598 0.305607 0.033795 0.043199
