1 0.495501 0.208912 0.064267 0.055556
1 0.459833 0.266493 0.066195 0.059606
1 0.394602 0.276476 0.039203 0.035590
1 0.381105 0.252025 0.071337 0.061921
1 0.408098 0.183304 0.061697 0.048900
1 0.406973 0.125579 0.049165 0.039931
1 0.475900 0.091291 0.083548 0.024595
1 0.746626 0.275318 0.069087 0.037905
1 0.690071 0.298611 0.063946 0.044560
1 0.728149 0.319734 0.041774 0.037616
1 0.730720 0.195457 0.071337 0.033275
1 0.747911 0.349682 0.056877 0.048900
1 0.717224 0.387442 0.044344 0.039931
1 0.818123 0.325231 0.024422 0.039931
1 0.804467 0.356192 0.066517 0.039931
1 0.793541 0.377315 0.049165 0.055556
1 0.813143 0.410590 0.034383 0.037616
1 0.840296 0.367332 0.039203 0.030961
1 0.861183 0.417245 0.046915 0.037616
1 0.890746 0.385127 0.046915 0.044560
1 0.868573 0.315249 0.066195 0.068576
1 0.787275 0.473814 0.056555 0.030961
1 0.777474 0.530382 0.056877 0.037616
1 0.763817 0.579138 0.044344 0.041956
1 0.807037 0.569155 0.042095 0.031250
1 0.891870 0.556858 0.049165 0.059896
1 0.811857 0.604601 0.051735 0.044271
1 0.836600 0.647859 0.046594 0.046296
1 0.813303 0.691117 0.073907 0.035590
1 0.787275 0.768663 0.076478 0.062211
1 0.731844 0.667824 0.054306 0.042245
1 0.708548 0.698785 0.046915 0.050926
1 0.730720 0.626881 0.056555 0.057581
1 0.709672 0.554832 0.063946 0.046586
1 0.655527 0.605758 0.053985 0.046586
1 0.666774 0.645544 0.086118 0.050926
1 0.581780 0.663339 0.063946 0.028646
1 0.608772 0.624566 0.054306 0.048900
1 0.642031 0.576968 0.061697 0.055556
1 0.538721 0.589120 0.066517 0.061921
1 0.628535 0.715422 0.044344 0.048900
1 0.622269 0.785301 0.036954 0.050926
1 0.678985 0.771991 0.032134 0.037616
1 0.579210 0.917245 0.054306 0.048611
1 0.508355 0.714410 0.027635 0.031829
1 0.537114 0.816262 0.034383 0.048032
1 0.879338 0.734375 0.038882 0.031829
1 0.885604 0.455584 0.044344 0.044850
1 0.573104 0.202112 0.057519 0.039062
1 0.664364 0.728009 0.038882 0.032986
1 0.648458 0.852720 0.048843 0.042824
1 0.492770 0.850260 0.040810 0.037905
1 0.462243 0.898148 0.040167 0.043981
1 0.425129 0.838831 0.041131 0.042824
1 0.959833 0.647135 0.030848 0.039062
1 0.852828 0.602720 0.041131 0.039931
1 0.713207 0.526910 0.038882 0.031829
