1 0.694928 0.591848 0.042029 0.033696
1 0.649275 0.592935 0.049275 0.035870
1 0.618116 0.452174 0.036232 0.032609
1 0.703623 0.648370 0.088406 0.061957
1 0.603623 0.680978 0.059420 0.046739
1 0.589130 0.664130 0.059420 0.047826
1 0.558696 0.614130 0.053623 0.019565
1 0.519565 0.657065 0.068116 0.048913
1 0.467391 0.657609 0.047826 0.021739
1 0.464493 0.630978 0.047826 0.035870
1 0.476087 0.601630 0.059420 0.040217
1 0.406522 0.575543 0.068116 0.053261
1 0.430435 0.535326 0.026087 0.027174
1 0.490580 0.525543 0.059420 0.038043
1 0.474638 0.482065 0.056522 0.035870
1 0.390580 0.533152 0.059420 0.044565
1 0.370290 0.457065 0.065217 0.046739
1 0.410870 0.642935 0.053623 0.042391
1 0.406522 0.685326 0.068116 0.033696
1 0.431884 0.714674 0.046377 0.048913
1 0.476087 0.713587 0.059420 0.042391
1 0.507246 0.718478 0.049275 0.036957
1 0.541304 0.733152 0.047826 0.040217
1 0.625362 0.750543 0.079710 0.040217
1 0.567391 0.778804 0.071014 0.055435
1 0.426087 0.344022 0.046377 0.055435
1 0.464493 0.299457 0.047826 0.059783
1 0.451449 0.252717 0.050725 0.046739
1 0.508696 0.234239 0.034783 0.044565
1 0.538406 0.255978 0.053623 0.044565
1 0.525362 0.200543 0.050725 0.040217
1 0.548551 0.221739 0.056522 0.041304
1 0.596377 0.218478 0.050725 0.039130
1 0.545652 0.144022 0.044928 0.042391
1 0.594928 0.186413 0.059420 0.042391
1 0.634058 0.187500 0.050725 0.035870
1 0.642754 0.137500 0.068116 0.042391
1 0.677536 0.216304 0.053623 0.039130
1 0.489130 0.798370 0.056522 0.038043
1 0.315217 0.627717 0.056522 0.046739
1 0.728986 0.248370 0.043478 0.031522
1 0.814493 0.257065 0.049275 0.027174
1 0.780435 0.241304 0.042029 0.032609
1 0.738406 0.217935 0.059420 0.022826
1 0.547826 0.469565 0.037681 0.039130
1 0.610870 0.719022 0.053623 0.031522
1 0.501449 0.876630 0.040580 0.029348
1 0.520290 0.853261 0.043478 0.021739
1 0.604348 0.565761 0.055072 0.040217
1 0.452899 0.562500 0.039130 0.027174
1 0.819565 0.195652 0.059420 0.032609
1 0.373188 0.623913 0.047826 0.034783
1 0.573188 0.436413 0.042029 0.027174
1 0.607246 0.609783 0.055072 0.034783
1 0.685507 0.705978 0.043478 0.042391
1 0.570290 0.289674 0.042029 0.033696
1 0.492754 0.371739 0.055072 0.032609
1 0.505072 0.413587 0.050725 0.033696
