1 0.489396 0.319589 0.041774 0.033275
1 0.362629 0.711082 0.039524 0.048900
1 0.656812 0.729890 0.051414 0.037905
1 0.646851 0.786458 0.041774 0.053241
1 0.670308 0.574653 0.039203 0.037616
1 0.564428 0.898438 0.049165 0.037616
1 0.531330 0.931568 0.022172 0.059896
1 0.557037 0.936053 0.024743 0.037616
1 0.581780 0.929398 0.019602 0.037616
1 0.555913 0.968171 0.032134 0.026620
1 0.640746 0.940538 0.044344 0.041956
1 0.676414 0.902922 0.012211 0.046586
1 0.643316 0.876157 0.059126 0.037616
1 0.586600 0.662326 0.049165 0.048611
1 0.544826 0.695602 0.054306 0.039931
1 0.532455 0.773148 0.049486 0.053241
1 0.582905 0.796441 0.046915 0.051215
1 0.531170 0.820891 0.041774 0.028935
1 0.492931 0.833044 0.029563 0.048611
1 0.422879 0.846209 0.051414 0.030961
1 0.485701 0.868490 0.049165 0.052951
1 0.534865 0.864149 0.039524 0.044271
1 0.573104 0.859664 0.046594 0.048611
1 0.459672 0.912760 0.022172 0.048900
1 0.497911 0.913918 0.049165 0.046586
1 0.406973 0.308594 0.034383 0.041956
1 0.458548 0.281973 0.029563 0.033275
1 0.456138 0.206742 0.024743 0.033275
1 0.573104 0.216580 0.031812 0.044271
1 0.621144 0.190104 0.044344 0.039931
1 0.613753 0.083478 0.044344 0.030961
1 0.525064 0.284144 0.053985 0.037616
1 0.545951 0.310764 0.041774 0.028935
1 0.490681 0.371817 0.059126 0.039931
1 0.627410 0.275318 0.036954 0.028646
1 0.465938 0.168837 0.029563 0.033275
1 0.377410 0.650029 0.083869 0.055266
1 0.333226 0.442130 0.036632 0.034144
1 0.310893 0.380787 0.034383 0.024884
1 0.434126 0.761429 0.034062 0.028067
1 0.319248 0.755932 0.037596 0.039062
1 0.351382 0.820312 0.031170 0.031829
1 0.441677 0.673466 0.043380 0.037905
1 0.391870 0.186198 0.047879 0.026910
1 0.761889 0.159722 0.036632 0.026042
1 0.683323 0.290509 0.043380 0.039931
1 0.768638 0.323351 0.041131 0.037905
1 0.575835 0.161169 0.041131 0.032986
1 0.502089 0.154225 0.042095 0.037037
1 0.432359 0.237558 0.042095 0.030093
1 0.476542 0.242622 0.039846 0.037905
1 0.383676 0.275463 0.039846 0.027778
1 0.504981 0.208623 0.043380 0.031829
1 0.483290 0.412182 0.035347 0.039641
1 0.681073 0.131800 0.058805 0.029803
1 0.559126 0.097801 0.032134 0.031829
1 0.680431 0.171152 0.046594 0.035012
1 0.679467 0.773872 0.037596 0.039062
1 0.713850 0.775463 0.051093 0.039931
1 0.747590 0.899595 0.036311 0.045139
