1 0.595000 0.414634 0.055000 0.033771
1 0.326250 0.489681 0.057500 0.033771
1 0.521250 0.405253 0.057500 0.030019
1 0.501250 0.367730 0.042500 0.045028
1 0.472500 0.318949 0.035000 0.037523
1 0.408750 0.277674 0.047500 0.052533
1 0.467500 0.214822 0.050000 0.050657
1 0.398750 0.215760 0.042500 0.041276
1 0.348750 0.136961 0.052500 0.037523
1 0.243750 0.194184 0.062500 0.046904
1 0.323750 0.221388 0.052500 0.033771
1 0.346250 0.256098 0.047500 0.035647
1 0.178750 0.241088 0.057500 0.031895
1 0.216250 0.290807 0.052500 0.048780
1 0.462500 0.468105 0.060000 0.035647
1 0.472500 0.515947 0.050000 0.041276
1 0.553750 0.460600 0.062500 0.043152
1 0.542500 0.498124 0.070000 0.028143
1 0.545000 0.525328 0.050000 0.033771
1 0.695000 0.471857 0.070000 0.050657
1 0.643750 0.567542 0.062500 0.046904
1 0.543750 0.596623 0.057500 0.048780
1 0.507500 0.575047 0.055000 0.043152
1 0.527500 0.630394 0.080000 0.048780
1 0.457500 0.666041 0.085000 0.026266
1 0.411250 0.571295 0.057500 0.046904
1 0.413750 0.514071 0.057500 0.037523
1 0.311250 0.525328 0.032500 0.030019
1 0.363750 0.547842 0.047500 0.037523
1 0.298750 0.574109 0.072500 0.041276
1 0.276250 0.611632 0.057500 0.041276
1 0.316250 0.632270 0.047500 0.037523
1 0.370000 0.602251 0.050000 0.037523
1 0.375000 0.627580 0.060000 0.035647
1 0.392500 0.651032 0.050000 0.026266
1 0.326250 0.667917 0.057500 0.041276
1 0.356250 0.705441 0.062500 0.037523
1 0.417500 0.733583 0.070000 0.045028
1 0.355000 0.740150 0.075000 0.043152
1 0.347500 0.779550 0.080000 0.039400
1 0.288750 0.725141 0.057500 0.035647
1 0.276250 0.766417 0.067500 0.046904
1 0.483750 0.693246 0.067500 0.046904
1 0.398750 0.484991 0.042500 0.024390
1 0.258750 0.524390 0.037500 0.043152
1 0.227500 0.701689 0.035000 0.030019
1 0.281250 0.674484 0.027500 0.031895
1 0.197500 0.741088 0.030000 0.026266
1 0.231250 0.744841 0.032500 0.026266
1 0.631250 0.653846 0.037500 0.028143
1 0.507500 0.736398 0.035000 0.024390
1 0.450000 0.632270 0.040000 0.030019
1 0.191250 0.770169 0.037500 0.028143
1 0.676250 0.519700 0.037500 0.030019
1 0.257500 0.800188 0.040000 0.031895
1 0.423750 0.606942 0.037500 0.028143
