1 0.651449 0.457474 0.039130 0.054124
1 0.637681 0.372423 0.017391 0.069588
1 0.553623 0.269330 0.034783 0.059278
1 0.600000 0.257732 0.028986 0.061856
1 0.627536 0.211340 0.026087 0.051546
1 0.559420 0.192010 0.026087 0.074742
1 0.521014 0.158505 0.030435 0.054124
1 0.528261 0.210052 0.027536 0.059278
1 0.560145 0.072165 0.033333 0.061856
1 0.526087 0.085052 0.031884 0.067010
1 0.492029 0.079897 0.027536 0.030928
1 0.478986 0.139175 0.013043 0.067010
1 0.529710 0.467784 0.027536 0.069588
1 0.534058 0.563144 0.036232 0.069588
1 0.568841 0.606959 0.030435 0.069588
1 0.570290 0.658505 0.030435 0.059278
1 0.514493 0.640464 0.023188 0.043814
1 0.534058 0.684278 0.018841 0.064433
1 0.500725 0.586340 0.030435 0.054124
1 0.489130 0.547680 0.033333 0.090206
1 0.502899 0.492268 0.026087 0.072165
1 0.486957 0.465206 0.026087 0.069588
1 0.463043 0.500000 0.030435 0.067010
1 0.455797 0.438144 0.027536 0.056701
1 0.465217 0.322165 0.055072 0.061856
1 0.438406 0.484536 0.033333 0.046392
1 0.429710 0.574742 0.010145 0.077320
1 0.455072 0.545103 0.031884 0.054124
1 0.466667 0.637887 0.043478 0.059278
1 0.570290 0.353093 0.036232 0.056701
1 0.588406 0.511598 0.028986 0.064433
1 0.650725 0.519330 0.037681 0.064433
1 0.431159 0.347938 0.013043 0.051546
1 0.690580 0.389175 0.033333 0.061856
1 0.684783 0.326031 0.033333 0.059278
1 0.528986 0.324742 0.028986 0.041237
1 0.509420 0.291237 0.024638 0.041237
1 0.527536 0.274485 0.023188 0.038660
1 0.488406 0.381443 0.028986 0.041237
1 0.618841 0.552835 0.026087 0.059278
1 0.640580 0.577320 0.026087 0.046392
1 0.600000 0.635309 0.028986 0.048969
1 0.589855 0.779639 0.028986 0.038660
1 0.627536 0.783505 0.026087 0.036082
1 0.624638 0.667526 0.046377 0.046392
1 0.562319 0.516753 0.026087 0.048969
1 0.618116 0.828608 0.027536 0.048969
1 0.617391 0.152062 0.034783 0.061856
1 0.586957 0.172680 0.026087 0.067010
1 0.415217 0.382732 0.030435 0.043814
1 0.527536 0.793814 0.031884 0.067010
1 0.562319 0.773196 0.031884 0.077320
1 0.539130 0.753866 0.028986 0.054124
1 0.571014 0.411082 0.031884 0.054124
1 0.594203 0.103093 0.031884 0.046392
1 0.688406 0.525773 0.028986 0.061856
