1 0.515086 0.251613 0.030172 0.051613
1 0.577586 0.251613 0.034483 0.051613
1 0.547414 0.112903 0.034483 0.045161
1 0.601293 0.045161 0.030172 0.064516
1 0.484914 0.067742 0.056034 0.058065
1 0.491379 0.119355 0.034483 0.058065
1 0.465517 0.183871 0.034483 0.045161
1 0.424569 0.122581 0.021552 0.038710
1 0.353448 0.058065 0.068966 0.077419
1 0.349138 0.129032 0.025862 0.038710
1 0.331897 0.170968 0.034483 0.045161
1 0.411638 0.177419 0.047414 0.058065
1 0.375000 0.216129 0.017241 0.045161
1 0.355603 0.300000 0.030172 0.045161
1 0.312500 0.319355 0.038793 0.045161
1 0.267241 0.209677 0.034483 0.032258
1 0.215517 0.267742 0.034483 0.058065
1 0.280172 0.325806 0.034483 0.058065
1 0.226293 0.338710 0.030172 0.058065
1 0.275862 0.383871 0.025862 0.032258
1 0.338362 0.432258 0.038793 0.038710
1 0.290948 0.441935 0.021552 0.045161
1 0.368534 0.487097 0.030172 0.045161
1 0.415948 0.587097 0.038793 0.064516
1 0.566810 0.603226 0.056034 0.058065
1 0.480603 0.403226 0.021552 0.058065
1 0.515086 0.332258 0.030172 0.070968
1 0.517241 0.438710 0.034483 0.064516
1 0.693966 0.248387 0.034483 0.058065
1 0.700431 0.480645 0.047414 0.083871
1 0.659483 0.516129 0.034483 0.038710
1 0.737069 0.645161 0.025862 0.038710
1 0.760776 0.735484 0.047414 0.064516
1 0.767241 0.641935 0.034483 0.058065
1 0.842672 0.641935 0.038793 0.058065
1 0.202586 0.603226 0.034483 0.045161
1 0.260776 0.677419 0.038793 0.064516
1 0.323276 0.800000 0.068966 0.103226
1 0.387931 0.796774 0.043103 0.058065
1 0.469828 0.864516 0.034483 0.077419
1 0.465517 0.941935 0.025862 0.051613
1 0.420259 0.896774 0.030172 0.051613
1 0.258621 0.964516 0.043103 0.058065
1 0.217672 0.774194 0.056034 0.077419
1 0.588362 0.687097 0.030172 0.045161
1 0.161638 0.448387 0.030172 0.058065
1 0.471983 0.338710 0.038793 0.058065
1 0.433190 0.248387 0.056034 0.058065
1 0.415948 0.354839 0.038793 0.064516
1 0.385776 0.432258 0.030172 0.038710
1 0.415948 0.516129 0.038793 0.051613
1 0.474138 0.480645 0.025862 0.058065
1 0.284483 0.593548 0.034483 0.051613
1 0.161638 0.712903 0.047414 0.070968
1 0.609914 0.558065 0.030172 0.058065
