2 0.446254 0.259804 0.033795 0.037990
2 0.370827 0.352788 0.025448 0.051164
2 0.384365 0.403646 0.032166 0.040748
2 0.349756 0.424173 0.033795 0.060968
2 0.533286 0.504289 0.035627 0.068627
2 0.493485 0.529718 0.043974 0.063725
2 0.446152 0.520833 0.027077 0.045956
2 0.428441 0.546262 0.028705 0.045956
2 0.447781 0.579350 0.027077 0.045956
2 0.487683 0.574295 0.035627 0.056066
2 0.508754 0.604933 0.043974 0.045650
2 0.499491 0.640472 0.028705 0.040748
2 0.550285 0.625306 0.032166 0.045956
2 0.445338 0.641850 0.035627 0.043505
2 0.404723 0.668505 0.042345 0.045956
2 0.430985 0.697763 0.023616 0.038297
2 0.424980 0.728248 0.025448 0.033088
2 0.453787 0.713082 0.025244 0.038297
2 0.465696 0.673560 0.028705 0.040748
2 0.492773 0.698989 0.028705 0.040748
2 0.491857 0.738511 0.010179 0.043199
2 0.507125 0.744945 0.030537 0.040748
2 0.498575 0.776654 0.033795 0.048407
2 0.463050 0.756434 0.037256 0.048407
2 0.446152 0.779259 0.020155 0.053615
2 0.539292 0.766697 0.023616 0.058517
2 0.572170 0.736060 0.028705 0.043199
2 0.527382 0.811121 0.023819 0.040748
2 0.513029 0.820006 0.028909 0.043199
2 0.499491 0.854473 0.028705 0.045956
2 0.539190 0.849418 0.040513 0.071385
2 0.550285 0.817402 0.021987 0.033088
2 0.589984 0.832874 0.023616 0.038297
2 0.567997 0.874694 0.020358 0.050858
