1 0.510417 0.273047 0.081944 0.050781
1 0.299306 0.312891 0.101389 0.050781
1 0.356250 0.253125 0.090278 0.042188
1 0.776389 0.329297 0.111111 0.039844
1 0.271528 0.470313 0.087500 0.032813
1 0.559028 0.641016 0.070833 0.033594
1 0.577778 0.692969 0.075000 0.062500
1 0.500000 0.637500 0.047222 0.031250
1 0.563194 0.748437 0.062500 0.035937
1 0.518056 0.812891 0.066667 0.049219
1 0.600694 0.764062 0.098611 0.026562
1 0.729167 0.755078 0.133333 0.057031
1 0.657639 0.248438 0.134722 0.046875
1 0.634722 0.321484 0.094444 0.060156
1 0.411806 0.297266 0.090278 0.064844
1 0.575694 0.398438 0.070833 0.053125
1 0.683333 0.380469 0.083333 0.035937
1 0.695139 0.412500 0.098611 0.032813
1 0.644444 0.436719 0.066667 0.042188
1 0.687500 0.458203 0.075000 0.035156
1 0.777778 0.471484 0.083333 0.035156
1 0.524306 0.473828 0.031944 0.017969
1 0.423611 0.441406 0.091667 0.054688
1 0.261806 0.537891 0.090278 0.057031
1 0.378472 0.522266 0.062500 0.030469
1 0.456944 0.548828 0.063889 0.039844
1 0.502083 0.562109 0.090278 0.049219
1 0.401389 0.635547 0.094444 0.049219
1 0.295833 0.660937 0.102778 0.051562
1 0.411806 0.686328 0.098611 0.049219
1 0.804167 0.657422 0.086111 0.044531
1 0.644444 0.817187 0.058333 0.048438
1 0.764583 0.823047 0.065278 0.032031
1 0.206944 0.597266 0.050000 0.028906
1 0.679861 0.508984 0.056944 0.036719
1 0.750000 0.578516 0.058333 0.025781
1 0.865972 0.379688 0.059722 0.034375
1 0.963889 0.377344 0.069444 0.042188
1 0.879861 0.428125 0.073611 0.042188
1 0.494444 0.373828 0.088889 0.032031
1 0.559722 0.448047 0.069444 0.027344
1 0.326389 0.615234 0.061111 0.035156
1 0.570139 0.585547 0.076389 0.047656
1 0.770139 0.382812 0.079167 0.037500
1 0.740278 0.679297 0.075000 0.035156
1 0.656944 0.701172 0.061111 0.030469
1 0.545833 0.523438 0.050000 0.029687
1 0.472222 0.496875 0.075000 0.040625
1 0.650000 0.658594 0.063889 0.042188
1 0.284722 0.709766 0.058333 0.033594
1 0.386111 0.721875 0.069444 0.028125
