1 0.936877 0.385294 0.039867 0.041176
1 0.544850 0.167647 0.086379 0.094118
1 0.671096 0.344118 0.053156 0.064706
1 0.093023 0.360294 0.093023 0.085294
1 0.068106 0.457353 0.063123 0.091176
1 0.446844 0.169118 0.069767 0.073529
1 0.327243 0.088235 0.069767 0.064706
1 0.450166 0.405882 0.076412 0.082353
1 0.516611 0.052941 0.083056 0.047059
1 0.312292 0.016176 0.053156 0.032353
1 0.196013 0.122059 0.073090 0.061765
1 0.373754 0.192647 0.089701 0.073529
1 0.086379 0.147059 0.086379 0.064706
1 0.061462 0.055882 0.116279 0.076471
1 0.114618 0.269118 0.083056 0.085294
1 0.041528 0.292647 0.056478 0.067647
1 0.152824 0.342647 0.066445 0.079412
1 0.220930 0.316176 0.076412 0.097059
1 0.302326 0.320588 0.079734 0.082353
1 0.451827 0.335294 0.046512 0.041176
1 0.244186 0.405882 0.069767 0.047059
1 0.129568 0.617647 0.079734 0.076471
1 0.116279 0.516176 0.073090 0.079412
1 0.240864 0.511765 0.102990 0.070588
1 0.348837 0.563235 0.086379 0.091176
1 0.247508 0.632353 0.049834 0.052941
1 0.297342 0.676471 0.069767 0.064706
1 0.368771 0.648529 0.093023 0.067647
1 0.420266 0.701471 0.069767 0.079412
1 0.463455 0.617647 0.102990 0.070588
1 0.495017 0.694118 0.059801 0.064706
1 0.671096 0.820588 0.079734 0.070588
1 0.757475 0.772059 0.073090 0.079412
1 0.808970 0.819118 0.049834 0.038235
1 0.813953 0.866176 0.059801 0.044118
1 0.757475 0.861765 0.073090 0.058824
1 0.739203 0.316176 0.043189 0.079412
1 0.632890 0.279412 0.069767 0.064706
1 0.536545 0.447059 0.063123 0.052941
1 0.480066 0.788235 0.069767 0.088235
1 0.622924 0.132353 0.096346 0.076471
1 0.503322 0.230882 0.056478 0.055882
1 0.621262 0.333824 0.046512 0.044118
1 0.217608 0.064706 0.063123 0.047059
1 0.250831 0.022059 0.056478 0.038235
1 0.016611 0.132353 0.033223 0.052941
1 0.785714 0.264706 0.063123 0.047059
1 0.971761 0.305882 0.049834 0.041176
1 0.558140 0.719118 0.053156 0.044118
1 0.626246 0.542647 0.056478 0.061765
1 0.558140 0.554412 0.079734 0.038235
1 0.579734 0.504412 0.049834 0.050000
1 0.011628 0.423529 0.023256 0.047059
1 0.450166 0.041176 0.043189 0.041176
1 0.518272 0.342647 0.053156 0.050000
1 0.551495 0.305882 0.053156 0.041176
1 0.475083 0.304412 0.053156 0.032353
1 0.237542 0.702941 0.036545 0.029412
1 0.234219 0.677941 0.049834 0.038235
1 0.044850 0.557353 0.043189 0.044118
1 0.631229 0.652941 0.079734 0.052941
1 0.232558 0.469118 0.053156 0.044118
1 0.890365 0.813235 0.053156 0.038235
1 0.340532 0.377941 0.063123 0.044118
1 0.338870 0.455882 0.066445 0.064706
