2 0.614493 0.510187 0.055072 0.024450
2 0.607246 0.548900 0.031884 0.031785
2 0.514493 0.572127 0.066667 0.029340
2 0.549275 0.372861 0.043478 0.033415
2 0.634058 0.393643 0.079710 0.048900
2 0.526087 0.411165 0.107246 0.039935
2 0.388406 0.367156 0.098551 0.052975
2 0.526087 0.256316 0.089855 0.044825
2 0.547826 0.326406 0.055072 0.033415
2 0.471014 0.684189 0.075362 0.031785
2 0.539855 0.655257 0.071014 0.035860
2 0.052174 0.579055 0.043478 0.033415
2 0.400000 0.491035 0.089855 0.039935
2 0.402174 0.453953 0.071014 0.030970
2 0.481159 0.462510 0.086957 0.052975
2 0.551449 0.497963 0.079710 0.044010
2 0.536232 0.229829 0.063768 0.029340
2 0.502174 0.368786 0.059420 0.031785
2 0.084783 0.652404 0.053623 0.023635
2 0.136957 0.671557 0.059420 0.027710
2 0.575362 0.443765 0.072464 0.041565
