1 0.604167 0.450644 0.060185 0.077253
1 0.530093 0.435622 0.069444 0.055794
1 0.486111 0.448498 0.037037 0.030043
1 0.562500 0.379828 0.041667 0.021459
1 0.574074 0.324034 0.037037 0.038627
1 0.620370 0.212446 0.055556 0.055794
1 0.671296 0.208155 0.037037 0.038627
1 0.659722 0.242489 0.060185 0.030043
1 0.756944 0.330472 0.041667 0.042918
1 0.756944 0.160944 0.060185 0.055794
1 0.266204 0.154506 0.060185 0.042918
1 0.261574 0.233906 0.060185 0.055794
1 0.226852 0.278970 0.064815 0.051502
1 0.312500 0.407725 0.041667 0.042918
1 0.354167 0.384120 0.041667 0.030043
1 0.409722 0.409871 0.060185 0.047210
1 0.388889 0.459227 0.074074 0.051502
1 0.229167 0.562232 0.069444 0.051502
1 0.217593 0.723176 0.046296 0.038627
1 0.236111 0.665236 0.074074 0.077253
1 0.217593 0.793991 0.074074 0.034335
1 0.287037 0.761803 0.074074 0.055794
1 0.275463 0.877682 0.069444 0.072961
1 0.293981 0.806867 0.069444 0.042918
1 0.344907 0.845494 0.069444 0.051502
1 0.393519 0.826180 0.064815 0.055794
1 0.488426 0.199571 0.106481 0.090129
1 0.520833 0.266094 0.078704 0.042918
1 0.474537 0.309013 0.097222 0.094421
1 0.138889 0.347639 0.055556 0.068670
1 0.217593 0.343348 0.083333 0.051502
1 0.256944 0.384120 0.069444 0.047210
1 0.245370 0.427039 0.083333 0.030043
1 0.256944 0.487124 0.078704 0.064378
1 0.337963 0.519313 0.055556 0.025751
1 0.375000 0.547210 0.027778 0.047210
1 0.354167 0.607296 0.069444 0.055794
1 0.365741 0.663090 0.074074 0.055794
1 0.298611 0.690987 0.060185 0.051502
1 0.356481 0.736052 0.064815 0.055794
1 0.462963 0.594421 0.092593 0.055794
1 0.500000 0.641631 0.092593 0.064378
1 0.560185 0.583691 0.046296 0.034335
1 0.439815 0.688841 0.074074 0.047210
1 0.446759 0.746781 0.060185 0.042918
1 0.502315 0.751073 0.041667 0.042918
1 0.516204 0.800429 0.050926 0.047210
1 0.546296 0.710300 0.064815 0.047210
1 0.581019 0.746781 0.069444 0.042918
1 0.678241 0.648069 0.060185 0.034335
1 0.662037 0.731760 0.083333 0.038627
1 0.701389 0.804721 0.097222 0.055794
