2 0.451157 0.621383 0.039203 0.033275
2 0.430270 0.541377 0.036632 0.037616
2 0.222204 0.433883 0.054306 0.039641
2 0.180431 0.454861 0.019602 0.037616
2 0.573104 0.307581 0.061375 0.053241
2 0.692481 0.262008 0.044344 0.046586
2 0.368734 0.627894 0.036954 0.072917
2 0.321819 0.629051 0.051735 0.061921
2 0.426575 0.743200 0.044023 0.051215
2 0.314589 0.719907 0.061697 0.053241
2 0.276350 0.717737 0.039203 0.030961
2 0.245662 0.624566 0.051735 0.075521
2 0.211118 0.610098 0.036632 0.046586
2 0.170630 0.518229 0.044344 0.039931
2 0.140906 0.579138 0.039524 0.033275
2 0.106362 0.625723 0.029563 0.041956
2 0.138496 0.652199 0.019923 0.037616
2 0.164364 0.717593 0.042095 0.053241
2 0.202603 0.707755 0.034383 0.024306
2 0.198907 0.759838 0.032134 0.048611
2 0.240681 0.787471 0.041774 0.033275
2 0.187821 0.797598 0.034383 0.030961
2 0.211118 0.819734 0.036632 0.031250
2 0.262693 0.836227 0.051735 0.037616
2 0.394602 0.812066 0.059126 0.033275
2 0.330495 0.865162 0.034383 0.046296
2 0.484415 0.936053 0.056877 0.037616
