1 0.719118 0.201724 0.038235 0.058621
1 0.716176 0.258621 0.050000 0.048276
1 0.397059 0.274138 0.047059 0.065517
1 0.373529 0.375862 0.052941 0.068966
1 0.447059 0.168966 0.041176 0.041379
1 0.527941 0.077586 0.055882 0.051724
1 0.875000 0.039655 0.061765 0.044828
1 0.658824 0.374138 0.052941 0.058621
1 0.658824 0.441379 0.052941 0.068966
1 0.741176 0.377586 0.047059 0.044828
1 0.754412 0.441379 0.032353 0.041379
1 0.861765 0.256897 0.047059 0.037931
1 0.788235 0.586207 0.047059 0.048276
1 0.780882 0.505172 0.050000 0.086207
1 0.880882 0.651724 0.032353 0.062069
1 0.947059 0.651724 0.047059 0.055172
1 0.869118 0.746552 0.050000 0.065517
1 0.810294 0.698276 0.050000 0.072414
1 0.751471 0.774138 0.026471 0.044828
1 0.736765 0.655172 0.055882 0.062069
1 0.673529 0.753448 0.052941 0.037931
1 0.666176 0.650000 0.050000 0.051724
1 0.638235 0.820690 0.070588 0.027586
1 0.617647 0.768966 0.047059 0.055172
1 0.486765 0.644828 0.055882 0.055172
1 0.450000 0.715517 0.035294 0.058621
1 0.405882 0.791379 0.052941 0.051724
1 0.400000 0.643103 0.047059 0.058621
1 0.338235 0.653448 0.052941 0.072414
1 0.302941 0.612069 0.041176 0.037931
1 0.380882 0.546552 0.073529 0.044828
1 0.226471 0.456897 0.052941 0.065517
1 0.304412 0.375862 0.050000 0.048276
1 0.486765 0.489655 0.055882 0.055172
1 0.813235 0.027586 0.050000 0.027586
1 0.945588 0.017241 0.044118 0.034483
1 0.886765 0.096552 0.044118 0.055172
1 0.863235 0.146552 0.061765 0.051724
1 0.777941 0.137931 0.055882 0.068966
1 0.660294 0.148276 0.067647 0.075862
1 0.495588 0.022414 0.079412 0.044828
1 0.436765 0.060345 0.055882 0.051724
1 0.355882 0.063793 0.070588 0.086207
1 0.547059 0.139655 0.058824 0.058621
1 0.563235 0.200000 0.044118 0.041379
1 0.548529 0.251724 0.061765 0.041379
1 0.316176 0.248276 0.061765 0.048276
1 0.358824 0.270690 0.058824 0.079310
1 0.454412 0.322414 0.044118 0.051724
1 0.123529 0.553448 0.041176 0.044828
1 0.322059 0.439655 0.026471 0.031034
1 0.250000 0.706897 0.058824 0.082759
1 0.548529 0.608621 0.067647 0.065517
1 0.586765 0.687931 0.044118 0.051724
1 0.719118 0.544828 0.050000 0.041379
1 0.839706 0.508621 0.050000 0.058621
1 0.597059 0.443103 0.035294 0.044828
