1 0.621144 0.450521 0.068766 0.042245
1 0.578085 0.409578 0.032134 0.044271
1 0.531170 0.406250 0.032134 0.042245
1 0.510283 0.371817 0.039203 0.048611
1 0.470758 0.350694 0.029563 0.028935
1 0.453728 0.382812 0.029563 0.053241
1 0.517674 0.340856 0.034704 0.026620
1 0.550932 0.308594 0.061375 0.015336
1 0.546112 0.351852 0.036954 0.035301
1 0.580495 0.351852 0.031812 0.031250
1 0.580495 0.378472 0.036954 0.026620
1 0.632230 0.380642 0.046594 0.044271
1 0.629820 0.349682 0.032134 0.035590
1 0.602667 0.304109 0.046594 0.050926
1 0.541131 0.270833 0.032134 0.037616
1 0.513978 0.281973 0.036954 0.051215
1 0.408098 0.289786 0.032134 0.035590
1 0.459833 0.311921 0.061697 0.035301
1 0.460958 0.266493 0.049165 0.042245
1 0.468509 0.209925 0.059126 0.035590
1 0.632230 0.548032 0.042095 0.028935
1 0.638335 0.579138 0.049165 0.037905
1 0.543541 0.573640 0.056877 0.057581
1 0.518959 0.478299 0.046915 0.053241
1 0.505302 0.550203 0.069087 0.046586
1 0.494216 0.593461 0.056555 0.039931
1 0.446337 0.562500 0.059126 0.035301
1 0.418059 0.620081 0.026992 0.026620
1 0.460958 0.621383 0.019602 0.019965
1 0.483290 0.649016 0.059126 0.039931
1 0.491806 0.687789 0.071658 0.055556
1 0.459833 0.721065 0.066195 0.050926
1 0.489396 0.781973 0.012211 0.017650
1 0.580495 0.783131 0.066517 0.046586
1 0.560893 0.746528 0.051735 0.039931
1 0.559608 0.683304 0.034383 0.033275
1 0.554627 0.618056 0.049486 0.053241
1 0.601382 0.607928 0.063946 0.055556
1 0.602667 0.660012 0.076157 0.061921
1 0.596562 0.706597 0.054306 0.048611
1 0.468348 0.909578 0.063946 0.046586
1 0.663078 0.758681 0.049165 0.050926
1 0.791292 0.665654 0.042095 0.032118
1 0.396851 0.571904 0.030848 0.051794
1 0.432359 0.665509 0.037596 0.035880
1 0.760283 0.758825 0.039846 0.026910
1 0.634640 0.832755 0.041131 0.028935
1 0.499357 0.865162 0.025707 0.035880
1 0.528760 0.865596 0.033098 0.039062
1 0.553021 0.854167 0.035347 0.027778
1 0.655527 0.696036 0.023136 0.030961
1 0.502571 0.411748 0.036632 0.032986
1 0.450032 0.135851 0.042095 0.033854
1 0.533740 0.799334 0.036632 0.024016
1 0.504820 0.754919 0.032134 0.041088
1 0.677860 0.650608 0.034383 0.043692
1 0.674968 0.602286 0.037596 0.026910
1 0.600096 0.548322 0.034383 0.032986
1 0.676093 0.833767 0.035347 0.036748
