1 0.655405 0.883333 0.032819 0.030435
1 0.225869 0.584058 0.061776 0.057971
1 0.451737 0.855072 0.073359 0.057971
1 0.711390 0.872464 0.067568 0.052174
1 0.555985 0.756522 0.081081 0.057971
1 0.600386 0.860145 0.088803 0.065217
1 0.478764 0.710145 0.057915 0.040580
1 0.505792 0.681884 0.069498 0.039130
1 0.589768 0.615217 0.067568 0.053623
1 0.443050 0.636232 0.044402 0.052174
1 0.315637 0.638406 0.055985 0.042029
1 0.348456 0.618116 0.071429 0.050725
1 0.322394 0.698551 0.069498 0.037681
1 0.326255 0.742029 0.077220 0.037681
1 0.209459 0.728261 0.055985 0.053623
1 0.239382 0.808696 0.065637 0.055072
1 0.358108 0.828261 0.075290 0.062319
1 0.319498 0.570290 0.071429 0.042029
1 0.369691 0.505797 0.083012 0.037681
1 0.352317 0.470290 0.052124 0.050725
1 0.285714 0.536232 0.092664 0.063768
1 0.266409 0.485507 0.057915 0.028986
1 0.194015 0.534783 0.055985 0.037681
1 0.298263 0.407971 0.094595 0.050725
1 0.266409 0.365217 0.054054 0.037681
1 0.378378 0.325362 0.034749 0.042029
1 0.458494 0.303623 0.075290 0.047826
1 0.489382 0.450000 0.090734 0.065217
1 0.601351 0.387681 0.067568 0.042029
1 0.515444 0.344928 0.073359 0.040580
1 0.402510 0.390580 0.094595 0.042029
1 0.499035 0.562319 0.083012 0.057971
1 0.245174 0.317391 0.077220 0.037681
1 0.310811 0.257971 0.046332 0.031884
1 0.377413 0.250000 0.067568 0.059420
1 0.611969 0.496377 0.069498 0.050725
1 0.449807 0.761594 0.077220 0.056522
1 0.638996 0.781884 0.065637 0.053623
1 0.748069 0.919565 0.063707 0.036232
1 0.537645 0.862319 0.048263 0.031884
1 0.231660 0.664493 0.038610 0.036232
1 0.255792 0.631884 0.044402 0.034783
1 0.147683 0.510145 0.040541 0.037681
1 0.188224 0.476812 0.055985 0.028986
1 0.187259 0.603623 0.054054 0.047826
1 0.567568 0.705072 0.073359 0.036232
1 0.434363 0.579710 0.065637 0.052174
1 0.431467 0.536232 0.055985 0.037681
1 0.467181 0.505797 0.054054 0.040580
1 0.515444 0.407971 0.061776 0.044928
1 0.557915 0.432609 0.042471 0.042029
1 0.776062 0.863043 0.061776 0.039130
