1 0.500000 0.500000 0.055000 0.053333
1 0.665000 0.590000 0.045000 0.060000
1 0.643750 0.838333 0.037500 0.043333
1 0.530000 0.866667 0.050000 0.066667
1 0.473750 0.805000 0.062500 0.063333
1 0.432500 0.836667 0.040000 0.066667
1 0.398750 0.883333 0.037500 0.066667
1 0.431250 0.908333 0.042500 0.050000
1 0.358750 0.946667 0.052500 0.060000
1 0.335000 0.845000 0.090000 0.103333
1 0.237500 0.625000 0.060000 0.083333
1 0.416250 0.651667 0.052500 0.090000
1 0.238750 0.533333 0.052500 0.073333
1 0.140000 0.503333 0.060000 0.073333
1 0.175000 0.321667 0.060000 0.063333
1 0.240000 0.271667 0.065000 0.083333
1 0.216250 0.156667 0.077500 0.106667
1 0.392500 0.160000 0.060000 0.086667
1 0.610000 0.741667 0.065000 0.076667
1 0.491250 0.613333 0.067500 0.080000
1 0.335000 0.695000 0.035000 0.056667
1 0.270000 0.730000 0.025000 0.040000
1 0.217500 0.801667 0.065000 0.076667
1 0.390000 0.038333 0.065000 0.070000
1 0.105000 0.711667 0.035000 0.063333
1 0.070000 0.693333 0.040000 0.066667
1 0.078750 0.633333 0.037500 0.040000
1 0.101250 0.590000 0.057500 0.066667
1 0.335000 0.440000 0.035000 0.040000
1 0.393750 0.508333 0.037500 0.050000
1 0.320000 0.596667 0.045000 0.046667
1 0.232500 0.728333 0.030000 0.043333
1 0.188750 0.703333 0.037500 0.040000
1 0.382500 0.743333 0.030000 0.046667
1 0.401250 0.795000 0.037500 0.043333
1 0.618750 0.526667 0.042500 0.040000
1 0.603750 0.561667 0.037500 0.050000
1 0.603750 0.618333 0.027500 0.050000
1 0.628750 0.620000 0.027500 0.040000
1 0.785000 0.558333 0.030000 0.043333
1 0.552500 0.520000 0.045000 0.053333
1 0.280000 0.488333 0.035000 0.043333
1 0.257500 0.440000 0.040000 0.060000
1 0.180000 0.431667 0.035000 0.043333
1 0.200000 0.888333 0.030000 0.050000
1 0.230000 0.895000 0.030000 0.036667
1 0.252500 0.923333 0.035000 0.053333
1 0.300000 0.926667 0.045000 0.053333
1 0.452500 0.966667 0.040000 0.053333
1 0.483750 0.930000 0.027500 0.053333
1 0.510000 0.935000 0.030000 0.050000
1 0.702500 0.748333 0.040000 0.050000
1 0.607500 0.830000 0.030000 0.046667
1 0.585000 0.971667 0.070000 0.050000
1 0.720000 0.586667 0.045000 0.053333
1 0.738750 0.528333 0.027500 0.043333
1 0.341250 0.496667 0.037500 0.046667
1 0.348750 0.550000 0.037500 0.046667
1 0.206250 0.375000 0.047500 0.050000
