1 0.478395 0.364728 0.016975 0.028067
1 0.478299 0.391348 0.027199 0.020544
1 0.597704 0.324219 0.015239 0.043113
1 0.571373 0.336806 0.016975 0.038194
1 0.471547 0.453414 0.013696 0.032986
1 0.485050 0.440828 0.020255 0.012442
1 0.481674 0.477720 0.027006 0.025463
1 0.478299 0.499132 0.027199 0.012731
1 0.472415 0.549913 0.018519 0.017650
1 0.494406 0.603299 0.021991 0.038194
1 0.542631 0.541088 0.027006 0.020255
1 0.558738 0.589265 0.028742 0.015336
1 0.546875 0.605758 0.021991 0.043113
1 0.506173 0.647714 0.021991 0.030382
1 0.521508 0.643953 0.015239 0.022859
1 0.535012 0.669271 0.015239 0.043403
1 0.546875 0.637442 0.021991 0.020255
1 0.558738 0.646557 0.018711 0.022859
1 0.573110 0.633681 0.016975 0.017940
1 0.547647 0.688223 0.013503 0.035590
1 0.565490 0.685764 0.028742 0.025463
1 0.600116 0.665365 0.013503 0.035590
1 0.607735 0.684462 0.015239 0.022859
1 0.622975 0.709780 0.025270 0.032986
1 0.640818 0.676939 0.013503 0.017650
1 0.651717 0.694589 0.011767 0.017650
1 0.666184 0.707321 0.020255 0.017650
1 0.667921 0.669271 0.037230 0.038194
1 0.517265 0.586806 0.023727 0.035301
1 0.503762 0.539786 0.020255 0.028067
1 0.496046 0.562789 0.028742 0.032986
1 0.579861 0.395689 0.015432 0.017650
1 0.538194 0.387731 0.016204 0.015046
1 0.523727 0.405527 0.015432 0.016493
1 0.517554 0.390914 0.013503 0.024306
1 0.614294 0.382089 0.011381 0.015914
1 0.640143 0.362124 0.013310 0.016493
1 0.653260 0.343316 0.014082 0.021123
1 0.552855 0.571615 0.018519 0.022280
1 0.530093 0.555411 0.015046 0.015336
1 0.571952 0.608073 0.015432 0.015336
1 0.587963 0.694444 0.011574 0.019676
1 0.488233 0.532697 0.016204 0.023727
1 0.502411 0.491609 0.011381 0.015046
1 0.485340 0.464699 0.021991 0.024306
1 0.607253 0.472512 0.016590 0.023148
1 0.510802 0.620660 0.015046 0.019097
1 0.534529 0.608362 0.013117 0.021123
1 0.523920 0.533709 0.021991 0.016493
1 0.488426 0.509838 0.016590 0.023727
1 0.675540 0.492043 0.018904 0.026331
1 0.610147 0.707031 0.013503 0.022280
1 0.507523 0.676794 0.021605 0.024884
1 0.465471 0.537616 0.013503 0.020255
1 0.478106 0.572193 0.014468 0.018229
1 0.491705 0.630642 0.012731 0.022280
1 0.593654 0.711372 0.014853 0.021701
1 0.624132 0.671441 0.014468 0.022280
1 0.616898 0.319734 0.015046 0.019676
1 0.608989 0.335214 0.019290 0.021701
1 0.591725 0.548177 0.013696 0.020544
1 0.631366 0.265770 0.013117 0.017072
1 0.601080 0.243779 0.015818 0.017650
1 0.593268 0.284288 0.017554 0.017072
