1 0.589855 0.915701 0.040580 0.037935
1 0.568116 0.853530 0.052174 0.033720
1 0.594203 0.760801 0.066667 0.042150
1 0.692029 0.684932 0.073913 0.050580
1 0.636232 0.680717 0.052174 0.050580
1 0.915942 0.672287 0.057971 0.046365
1 0.847826 0.673340 0.055072 0.040042
1 0.748551 0.634352 0.071014 0.042150
1 0.784058 0.506849 0.055072 0.040042
1 0.775362 0.541096 0.057971 0.055848
1 0.846377 0.553214 0.008696 0.008430
1 0.832609 0.542150 0.030435 0.034773
1 0.861594 0.543730 0.076812 0.042150
1 0.922464 0.498946 0.039130 0.064278
1 0.844928 0.298209 0.043478 0.040042
1 0.781159 0.281349 0.055072 0.050580
1 0.789855 0.243941 0.060870 0.047418
1 0.268116 0.279241 0.078261 0.046365
1 0.697101 0.141728 0.107246 0.055848
1 0.693478 0.747102 0.033333 0.037935
1 0.702899 0.797155 0.081159 0.053741
1 0.818841 0.780822 0.069565 0.042150
1 0.737681 0.583246 0.066667 0.051633
1 0.727536 0.251317 0.063768 0.057956
1 0.365942 0.144362 0.068116 0.037935
1 0.382609 0.195996 0.101449 0.035827
1 0.341304 0.242887 0.085507 0.057956
1 0.300725 0.363541 0.021739 0.010537
1 0.263768 0.347208 0.081159 0.053741
1 0.615942 0.623288 0.060870 0.032666
1 0.792754 0.675448 0.072464 0.040042
1 0.806522 0.598525 0.071014 0.050580
1 0.698551 0.897787 0.060870 0.046365
1 0.102899 0.207587 0.046377 0.033720
1 0.091304 0.256059 0.049275 0.027397
1 0.214493 0.259747 0.040580 0.032666
1 0.150725 0.268177 0.049275 0.038988
1 0.428986 0.043730 0.089855 0.036881
1 0.517391 0.179663 0.043478 0.041096
1 0.647826 0.098525 0.069565 0.038988
1 0.715217 0.083772 0.068116 0.041096
1 0.226812 0.602213 0.047826 0.032666
1 0.222464 0.778188 0.050725 0.045311
1 0.361594 0.903056 0.053623 0.027397
1 0.505072 0.959431 0.042029 0.026344
1 0.591304 0.812434 0.037681 0.040042
1 0.531884 0.749737 0.060870 0.060063
1 0.786232 0.710221 0.047826 0.037935
1 0.709420 0.512645 0.050725 0.030558
1 0.558696 0.515806 0.050725 0.034773
1 0.649275 0.548999 0.066667 0.033720
1 0.483333 0.545838 0.071014 0.044257
1 0.389130 0.586934 0.039130 0.031612
1 0.335507 0.289779 0.068116 0.031612
1 0.433333 0.282929 0.066667 0.034773
