3 0.523779 0.327402 0.041774 0.030961
3 0.705977 0.235388 0.017352 0.033275
3 0.794826 0.370660 0.036954 0.037616
3 0.275225 0.543692 0.036954 0.042245
3 0.341742 0.726562 0.036954 0.021991
3 0.429145 0.798756 0.034383 0.033275
3 0.475739 0.798611 0.019602 0.024306
3 0.478310 0.695602 0.024743 0.026620
3 0.495501 0.879485 0.014781 0.017650
3 0.384801 0.668837 0.034383 0.044271
3 0.337886 0.629051 0.049165 0.048611
3 0.597686 0.706597 0.032134 0.035301
3 0.575514 0.795284 0.026992 0.035590
3 0.520084 0.779803 0.034383 0.039931
3 0.346562 0.666667 0.036954 0.035301
