2 0.518933 0.504289 0.030537 0.043505
2 0.354845 0.603554 0.013436 0.033088
2 0.493485 0.728401 0.033795 0.027880
2 0.493485 0.759038 0.020358 0.022978
2 0.500305 0.780484 0.016897 0.025429
2 0.387826 0.803462 0.018730 0.025429
2 0.454601 0.758885 0.020358 0.053309
2 0.454601 0.807292 0.030537 0.037990
2 0.592529 0.723346 0.018526 0.053309
2 0.613701 0.697763 0.023819 0.038297
2 0.675387 0.658241 0.015269 0.025429
2 0.691470 0.691483 0.016897 0.035539
2 0.689027 0.733456 0.018526 0.037990
2 0.652586 0.758885 0.037256 0.053309
2 0.611156 0.792126 0.025244 0.038297
2 0.527484 0.632966 0.043974 0.066176
2 0.430985 0.762714 0.020358 0.040748
2 0.407268 0.753830 0.023819 0.038297
2 0.418261 0.827665 0.025448 0.053615
2 0.391897 0.622855 0.019544 0.036765
2 0.439129 0.689032 0.034202 0.036765
