2 0.873958 0.432870 0.027083 0.050926
2 0.864844 0.470370 0.028646 0.053704
2 0.836979 0.441667 0.023958 0.044444
2 0.889323 0.518519 0.036979 0.048148
2 0.748698 0.612963 0.020313 0.057407
2 0.288542 0.455093 0.023958 0.030556
2 0.306510 0.489815 0.028646 0.051852
2 0.473958 0.289352 0.056250 0.060185
2 0.457813 0.179630 0.023958 0.038889
2 0.484115 0.152778 0.039062 0.044444
2 0.495312 0.205556 0.027083 0.048148
2 0.551042 0.190278 0.023958 0.041667
2 0.585677 0.215741 0.031771 0.057407
2 0.643229 0.216204 0.045833 0.069444
2 0.628646 0.245833 0.016667 0.045370
2 0.651563 0.282407 0.029167 0.057407
2 0.684635 0.343519 0.023438 0.048148
2 0.711719 0.331944 0.030729 0.054630
2 0.766667 0.434259 0.032292 0.048148
2 0.729427 0.432407 0.025521 0.057407
2 0.694792 0.394907 0.030208 0.065741
2 0.761458 0.345370 0.048958 0.027778
2 0.786198 0.301852 0.017188 0.042593
2 0.822656 0.261111 0.039062 0.075926
2 0.722656 0.275926 0.042188 0.033333
2 0.732031 0.227778 0.023438 0.038889
2 0.693229 0.204167 0.040625 0.045370
2 0.707292 0.158796 0.045833 0.039815
2 0.627083 0.182870 0.040625 0.039815
2 0.626042 0.137500 0.032292 0.069444
2 0.594010 0.131944 0.018229 0.045370
