2 0.297397 0.298611 0.022172 0.035301
2 0.316999 0.227720 0.066517 0.026620
2 0.394602 0.544705 0.034704 0.044271
2 0.432841 0.563513 0.041774 0.046586
2 0.372429 0.600260 0.039203 0.044271
2 0.299807 0.616898 0.026992 0.015625
2 0.304627 0.661169 0.032134 0.032986
2 0.600257 0.631366 0.046915 0.026620
2 0.610058 0.664497 0.031812 0.030961
2 0.666613 0.569155 0.031812 0.031250
2 0.841581 0.605758 0.032134 0.019965
2 0.843991 0.632378 0.031812 0.033275
2 0.798361 0.609086 0.024743 0.017940
2 0.794826 0.642216 0.022172 0.017650
2 0.832905 0.664352 0.039203 0.026620
2 0.805752 0.683304 0.024743 0.028646
2 0.831780 0.713252 0.022172 0.026620
2 0.793541 0.718750 0.024743 0.024306
2 0.767674 0.661169 0.026992 0.032986
2 0.733130 0.630064 0.027314 0.033275
2 0.751607 0.688947 0.029563 0.026620
2 0.728310 0.669994 0.022172 0.024595
2 0.699871 0.653356 0.044344 0.026620
2 0.701157 0.678819 0.026992 0.024306
2 0.672879 0.684317 0.014781 0.026620
2 0.645726 0.676649 0.034383 0.033275
2 0.647012 0.719907 0.031812 0.026620
2 0.680270 0.726562 0.029563 0.026620
2 0.720758 0.706597 0.026992 0.026620
2 0.766388 0.721065 0.029563 0.024306
2 0.777474 0.750868 0.042095 0.026620
2 0.736825 0.752025 0.034704 0.024306
2 0.688785 0.798611 0.027314 0.037616
2 0.630945 0.784288 0.039524 0.035590
2 0.643316 0.758681 0.044344 0.024306
2 0.589010 0.741030 0.044344 0.024306
2 0.587886 0.704427 0.051735 0.035590
2 0.601542 0.858507 0.029563 0.032986
2 0.533580 0.889612 0.022172 0.033275
2 0.574389 0.919416 0.034383 0.035590
2 0.784865 0.815249 0.051735 0.017650
