1 0.092029 0.325873 0.062319 0.046943
1 0.150000 0.286026 0.076812 0.032751
1 0.204348 0.282751 0.066667 0.030568
1 0.160145 0.356987 0.085507 0.058952
1 0.104348 0.409934 0.060870 0.042576
1 0.146377 0.411572 0.040580 0.030568
1 0.123913 0.549672 0.100000 0.060044
1 0.123188 0.486354 0.069565 0.062227
1 0.190580 0.527838 0.059420 0.038210
1 0.155072 0.620087 0.005797 0.004367
1 0.202899 0.621725 0.052174 0.062227
1 0.242754 0.390284 0.073913 0.046943
1 0.302174 0.332424 0.100000 0.068777
1 0.315942 0.391376 0.066667 0.075328
1 0.292029 0.471070 0.097101 0.040393
1 0.371739 0.513646 0.085507 0.053493
1 0.347101 0.572052 0.047826 0.050218
1 0.418841 0.584061 0.060870 0.039301
1 0.376087 0.655568 0.094203 0.088428
1 0.471739 0.655568 0.056522 0.053493
1 0.612319 0.578603 0.100000 0.050218
1 0.536957 0.628275 0.068116 0.053493
1 0.618116 0.505459 0.059420 0.037118
1 0.638406 0.466703 0.076812 0.049127
1 0.701449 0.500000 0.049275 0.048035
1 0.645652 0.424127 0.079710 0.075328
1 0.594203 0.376092 0.075362 0.062227
1 0.497101 0.588974 0.057971 0.057860
1 0.451449 0.515830 0.050725 0.044760
1 0.484783 0.502183 0.071014 0.034934
1 0.547101 0.457969 0.024638 0.018559
1 0.488406 0.393559 0.017391 0.014192
1 0.425362 0.367358 0.091304 0.070961
1 0.218841 0.118450 0.078261 0.049127
1 0.078986 0.035480 0.082609 0.068777
1 0.136957 0.144105 0.068116 0.054585
1 0.332609 0.159934 0.076812 0.055677
1 0.377536 0.174127 0.073913 0.053493
1 0.457246 0.256004 0.091304 0.053493
1 0.522464 0.265830 0.068116 0.060044
1 0.214493 0.211245 0.130435 0.070961
1 0.255072 0.602074 0.046377 0.044760
1 0.067391 0.168668 0.065217 0.044760
1 0.026812 0.103166 0.053623 0.033843
1 0.108696 0.608624 0.060870 0.038210
1 0.055072 0.579148 0.072464 0.057860
1 0.230435 0.719978 0.046377 0.040393
1 0.226812 0.439410 0.071014 0.042576
1 0.467391 0.422489 0.050725 0.043668
1 0.328986 0.264738 0.063768 0.046943
1 0.473913 0.711790 0.040580 0.032751
1 0.294203 0.777838 0.057971 0.046943
1 0.306522 0.729258 0.082609 0.028384
1 0.413043 0.757642 0.057971 0.037118
1 0.404348 0.490175 0.049275 0.041485
1 0.213768 0.557314 0.050725 0.029476
1 0.396377 0.415393 0.079710 0.046943
1 0.279710 0.191048 0.075362 0.054585
1 0.026087 0.510917 0.052174 0.052402
