1 0.564428 0.566985 0.039524 0.044271
1 0.378535 0.397280 0.046915 0.050926
1 0.384640 0.266493 0.059126 0.050926
1 0.397012 0.309751 0.054306 0.057581
1 0.427860 0.291956 0.051735 0.035301
1 0.430270 0.320747 0.046915 0.048900
1 0.454852 0.381800 0.081298 0.055266
1 0.483290 0.284144 0.059126 0.055556
1 0.540970 0.296296 0.081298 0.053241
1 0.461118 0.234375 0.039203 0.039931
1 0.447461 0.174479 0.031812 0.031250
1 0.488111 0.161169 0.059126 0.057870
1 0.516388 0.109086 0.041774 0.050926
1 0.651832 0.182292 0.031812 0.037616
1 0.665488 0.259838 0.059126 0.059606
1 0.409383 0.453848 0.053985 0.052951
1 0.339171 0.441696 0.042095 0.033275
1 0.331780 0.485966 0.036954 0.046586
1 0.384640 0.467159 0.059126 0.057581
1 0.348972 0.517072 0.056555 0.037616
1 0.388335 0.488137 0.051735 0.055556
1 0.316999 0.558160 0.051735 0.053241
1 0.382230 0.541377 0.049165 0.042245
1 0.386086 0.580295 0.051735 0.062211
1 0.433965 0.573495 0.054306 0.039931
1 0.313303 0.660012 0.053985 0.061921
1 0.267674 0.686632 0.091260 0.061921
1 0.249357 0.601418 0.059126 0.073206
1 0.360219 0.699942 0.059126 0.071181
1 0.399422 0.677807 0.059126 0.066262
1 0.464653 0.738860 0.056555 0.046586
1 0.501767 0.660156 0.051735 0.044271
1 0.499197 0.703270 0.051735 0.059896
1 0.570533 0.632378 0.066517 0.059896
1 0.564428 0.703270 0.049165 0.033275
1 0.277635 0.834201 0.056555 0.064236
1 0.352667 0.808594 0.069087 0.062211
1 0.525064 0.786458 0.053985 0.061921
1 0.433965 0.843027 0.054306 0.059896
1 0.545951 0.918258 0.071337 0.059896
1 0.594152 0.892795 0.073907 0.057581
1 0.560251 0.183738 0.040810 0.031829
1 0.479434 0.614294 0.034062 0.037037
1 0.345276 0.910446 0.029884 0.030961
1 0.490039 0.910446 0.039846 0.030961
1 0.473329 0.786314 0.042416 0.032118
1 0.434608 0.793403 0.042095 0.043981
1 0.401350 0.730469 0.039846 0.039641
1 0.513657 0.485966 0.034383 0.025752
1 0.602024 0.582899 0.048522 0.029803
1 0.332584 0.594763 0.053342 0.032118
1 0.627892 0.726418 0.038560 0.033854
