1 0.504348 0.292935 0.104348 0.033696
1 0.622464 0.386957 0.033333 0.047826
1 0.589130 0.444565 0.053623 0.026087
1 0.619565 0.511957 0.039130 0.023913
1 0.660870 0.516304 0.043478 0.010870
1 0.465942 0.498913 0.068116 0.036957
1 0.455797 0.435326 0.053623 0.040217
1 0.341304 0.473370 0.079710 0.035870
1 0.275362 0.595109 0.084058 0.031522
1 0.196377 0.636413 0.079710 0.038043
1 0.532609 0.528804 0.047826 0.035870
1 0.584058 0.526630 0.049275 0.018478
1 0.643478 0.565761 0.043478 0.046739
1 0.623913 0.595109 0.047826 0.031522
1 0.386232 0.573913 0.056522 0.010870
1 0.434783 0.607609 0.052174 0.036957
1 0.273913 0.666304 0.049275 0.071739
1 0.322464 0.659239 0.071014 0.048913
1 0.373188 0.711957 0.047826 0.032609
1 0.352174 0.786957 0.046377 0.032609
1 0.512319 0.734239 0.059420 0.038043
1 0.465942 0.735326 0.097101 0.053261
1 0.474638 0.661413 0.050725 0.053261
1 0.551449 0.615217 0.044928 0.043478
1 0.509420 0.586413 0.076812 0.053261
1 0.566667 0.560870 0.043478 0.032609
1 0.622464 0.713043 0.056522 0.026087
1 0.646377 0.750543 0.060870 0.040217
1 0.551449 0.883696 0.039130 0.030435
1 0.545652 0.383696 0.050725 0.028261
1 0.510870 0.426630 0.056522 0.035870
1 0.568116 0.691848 0.034783 0.029348
1 0.534058 0.657065 0.062319 0.040217
1 0.353623 0.605435 0.043478 0.023913
1 0.605072 0.782609 0.027536 0.032609
1 0.628261 0.799457 0.050725 0.031522
1 0.687681 0.809239 0.039130 0.051087
1 0.397826 0.824457 0.056522 0.042391
1 0.305072 0.860326 0.059420 0.046739
1 0.567391 0.945652 0.076812 0.067391
1 0.651449 0.870652 0.044928 0.028261
1 0.684783 0.640217 0.044928 0.034783
1 0.495652 0.386413 0.052174 0.027174
1 0.534783 0.350543 0.043478 0.038043
1 0.404348 0.290761 0.046377 0.029348
1 0.420290 0.323913 0.055072 0.028261
1 0.276087 0.489674 0.033333 0.029348
1 0.394928 0.412500 0.062319 0.029348
1 0.499275 0.339674 0.047826 0.033696
1 0.634783 0.936957 0.063768 0.034783
1 0.697826 0.925000 0.033333 0.032609
1 0.725362 0.889674 0.036232 0.020652
1 0.568116 0.841304 0.046377 0.028261
1 0.518116 0.841848 0.047826 0.035870
1 0.407246 0.866304 0.055072 0.036957
1 0.378986 0.677717 0.047826 0.029348
1 0.431884 0.685326 0.037681 0.035870
1 0.528261 0.687500 0.059420 0.038043
1 0.597101 0.369022 0.052174 0.031522
1 0.577536 0.658152 0.044928 0.040217
1 0.412319 0.790217 0.050725 0.030435
1 0.517391 0.902717 0.046377 0.033696
1 0.300725 0.789674 0.053623 0.029348
1 0.484783 0.538587 0.050725 0.033696
1 0.725362 0.595109 0.036232 0.027174
