2 0.305172 0.340230 0.041379 0.036782
2 0.283621 0.363218 0.046552 0.050575
2 0.288793 0.285057 0.046552 0.059770
2 0.235345 0.244828 0.046552 0.057471
2 0.196552 0.271264 0.041379 0.059770
2 0.170690 0.217241 0.068966 0.062069
2 0.182759 0.408046 0.034483 0.029885
2 0.225862 0.466667 0.037931 0.036782
2 0.178448 0.494253 0.060345 0.050575
2 0.226724 0.555172 0.043103 0.043678
2 0.206897 0.583908 0.051724 0.055172
2 0.211207 0.700000 0.050000 0.029885
2 0.152586 0.741379 0.050000 0.048276
2 0.198276 0.791954 0.037931 0.043678
2 0.224138 0.849425 0.051724 0.071264
2 0.266379 0.779310 0.032759 0.050575
2 0.283621 0.845977 0.036207 0.059770
2 0.362931 0.725287 0.043103 0.052874
2 0.388793 0.793103 0.053448 0.055172
2 0.524138 0.627586 0.048276 0.045977
2 0.572414 0.667816 0.041379 0.075862
2 0.448276 0.433333 0.058621 0.062069
2 0.443966 0.511494 0.060345 0.085057
2 0.494828 0.518391 0.048276 0.048276
2 0.483621 0.580460 0.053448 0.066667
2 0.444828 0.587356 0.027586 0.048276
2 0.377586 0.566667 0.034483 0.039080
2 0.357759 0.603448 0.036207 0.062069
2 0.445690 0.649425 0.039655 0.039080
2 0.435345 0.686207 0.043103 0.052874
2 0.122414 0.591954 0.048276 0.039080
2 0.180172 0.625287 0.043103 0.045977
2 0.112069 0.657471 0.041379 0.055172
2 0.120690 0.495402 0.041379 0.043678
