2 0.396274 0.532322 0.042142 0.043199
2 0.349654 0.484069 0.037256 0.048407
2 0.384467 0.592065 0.028705 0.040748
2 0.404723 0.649510 0.028909 0.053309
2 0.430069 0.613817 0.025448 0.053615
2 0.468139 0.546262 0.030334 0.061275
2 0.476690 0.603707 0.037256 0.058517
2 0.500305 0.658395 0.033998 0.061275
2 0.468954 0.739890 0.038884 0.061275
2 0.508754 0.725950 0.033795 0.073836
2 0.435159 0.806066 0.028705 0.030637
2 0.442793 0.841605 0.020358 0.045956
2 0.401364 0.821385 0.025448 0.050858
2 0.370012 0.786918 0.023819 0.058517
2 0.524023 0.859528 0.033795 0.045650
2 0.514658 0.909161 0.052524 0.068934
2 0.472414 0.888787 0.045806 0.079044
2 0.487683 0.800858 0.025448 0.050858
2 0.545195 0.702819 0.035423 0.048407
2 0.398005 0.457108 0.042345 0.050858
2 0.435973 0.514553 0.040513 0.058517
