2 0.206138 0.623553 0.036954 0.024306
2 0.190231 0.644531 0.044344 0.013021
2 0.214814 0.672309 0.039524 0.046586
2 0.289846 0.663339 0.032134 0.041956
2 0.340456 0.656829 0.054306 0.037616
2 0.435090 0.633536 0.056555 0.044271
2 0.427699 0.671152 0.041774 0.030961
2 0.432841 0.702112 0.041774 0.035590
2 0.397012 0.740885 0.039524 0.033275
2 0.368734 0.698785 0.046594 0.028935
2 0.312018 0.704282 0.061697 0.039931
2 0.315713 0.737558 0.039524 0.026620
2 0.353952 0.766493 0.042095 0.031250
2 0.374839 0.927228 0.049165 0.041956
2 0.446337 0.904948 0.044344 0.033275
2 0.445051 0.851852 0.041774 0.046296
2 0.539846 0.927228 0.059126 0.051215
2 0.532455 0.717737 0.049486 0.044271
2 0.325996 0.906684 0.042095 0.030961
2 0.518316 0.844618 0.032134 0.028935
2 0.124357 0.420718 0.033419 0.024884
