1 0.412500 0.156250 0.061667 0.052500
1 0.372500 0.084375 0.058333 0.051250
1 0.343333 0.027500 0.053333 0.052500
1 0.212500 0.067500 0.088333 0.057500
1 0.276667 0.090625 0.080000 0.046250
1 0.302500 0.123125 0.065000 0.053750
1 0.345000 0.155000 0.073333 0.047500
1 0.368333 0.195000 0.040000 0.037500
1 0.345000 0.232500 0.073333 0.060000
1 0.276667 0.201875 0.056667 0.041250
1 0.211667 0.141875 0.056667 0.046250
1 0.216667 0.203125 0.076667 0.053750
1 0.289167 0.329375 0.068333 0.026250
1 0.320833 0.445625 0.045000 0.038750
1 0.070833 0.453750 0.035000 0.035000
1 0.308333 0.371250 0.053333 0.035000
1 0.372500 0.388125 0.058333 0.041250
1 0.400833 0.421250 0.061667 0.050000
1 0.454167 0.391250 0.055000 0.045000
1 0.175833 0.374375 0.068333 0.063750
1 0.230000 0.353750 0.050000 0.035000
1 0.099167 0.313750 0.055000 0.045000
1 0.148333 0.308125 0.060000 0.051250
1 0.098333 0.230625 0.046667 0.056250
1 0.150833 0.231875 0.058333 0.048750
1 0.207500 0.265000 0.071667 0.057500
1 0.078333 0.179375 0.073333 0.051250
1 0.131667 0.178125 0.073333 0.031250
1 0.140833 0.125000 0.055000 0.045000
1 0.179167 0.515000 0.031667 0.025000
1 0.217500 0.480625 0.038333 0.016250
1 0.261667 0.425625 0.026667 0.023750
1 0.230000 0.392500 0.040000 0.030000
1 0.074167 0.375000 0.038333 0.027500
1 0.377500 0.324375 0.031667 0.023750
1 0.330000 0.298125 0.053333 0.038750
1 0.466667 0.341250 0.030000 0.020000
1 0.524167 0.430000 0.041667 0.030000
1 0.185000 0.575000 0.033333 0.022500
1 0.152500 0.610000 0.041667 0.025000
1 0.110833 0.585000 0.041667 0.027500
1 0.301667 0.538750 0.026667 0.027500
1 0.263333 0.541875 0.053333 0.038750
1 0.270000 0.510000 0.033333 0.020000
1 0.332500 0.500625 0.038333 0.026250
1 0.165833 0.431875 0.038333 0.028750
1 0.221667 0.428750 0.046667 0.032500
1 0.126667 0.366250 0.040000 0.025000
1 0.048333 0.105000 0.036667 0.025000
1 0.057500 0.065625 0.045000 0.028750
1 0.036667 0.277500 0.046667 0.037500
1 0.456667 0.280625 0.036667 0.041250
1 0.292500 0.403750 0.035000 0.030000
1 0.330000 0.415625 0.040000 0.026250
1 0.105833 0.458125 0.035000 0.028750
1 0.091667 0.538125 0.040000 0.021250
1 0.135000 0.560625 0.040000 0.023750
1 0.183333 0.548750 0.046667 0.025000
1 0.175833 0.482500 0.041667 0.020000
