1 0.359019 0.428002 0.038884 0.048407
1 0.359935 0.539828 0.030537 0.048407
1 0.360749 0.608762 0.011808 0.048407
1 0.368384 0.719516 0.027077 0.056066
1 0.360749 0.815104 0.018730 0.073836
1 0.381006 0.811121 0.025448 0.030331
1 0.568811 0.205116 0.035423 0.056066
1 0.555273 0.100797 0.028705 0.015319
1 0.592529 0.132659 0.028705 0.048407
1 0.442793 0.603554 0.030537 0.053309
1 0.462235 0.622702 0.012011 0.060968
1 0.493587 0.585784 0.040513 0.053309
1 0.494401 0.621324 0.035627 0.048407
1 0.499491 0.672488 0.012011 0.017770
1 0.531555 0.627757 0.032166 0.050858
1 0.445338 0.674939 0.038884 0.043505
1 0.610546 0.056679 0.023616 0.039216
1 0.453379 0.410233 0.025244 0.035539
1 0.601181 0.397978 0.019544 0.035539
1 0.619910 0.388787 0.022801 0.036765
1 0.257533 0.767463 0.021173 0.041667
1 0.275855 0.790135 0.021987 0.037990
1 0.325122 0.728248 0.021173 0.036765
1 0.433836 0.478860 0.021987 0.035539
1 0.409406 0.384498 0.018730 0.033088
1 0.453787 0.298713 0.039088 0.047794
1 0.423249 0.347120 0.030130 0.044118
1 0.531148 0.390012 0.032573 0.031863
1 0.555985 0.510723 0.023616 0.028186
1 0.551914 0.590993 0.026873 0.046569
1 0.462337 0.740502 0.018730 0.031863
1 0.477402 0.793199 0.035831 0.039216
1 0.394340 0.496017 0.019544 0.052696
1 0.372761 0.495404 0.023616 0.046569
1 0.400855 0.453738 0.043974 0.044118
1 0.469666 0.374081 0.025244 0.026961
1 0.634568 0.101409 0.032573 0.042892
1 0.584080 0.075061 0.021173 0.034314
1 0.637826 0.152880 0.027687 0.057598
1 0.569829 0.244792 0.033388 0.033088
1 0.537256 0.176164 0.025244 0.042892
1 0.598331 0.183517 0.036645 0.035539
1 0.608917 0.229473 0.025244 0.031863
1 0.649634 0.233762 0.018730 0.035539
1 0.503461 0.314645 0.029316 0.042892
1 0.526669 0.342218 0.028502 0.039216
1 0.468852 0.509498 0.031759 0.028186
1 0.373168 0.640625 0.026059 0.025735
1 0.365839 0.666973 0.019544 0.029412
1 0.401669 0.660233 0.026059 0.050245
1 0.400448 0.717831 0.020358 0.028186
1 0.409406 0.744179 0.023616 0.031863
1 0.388640 0.549326 0.030945 0.036765
1 0.435057 0.728860 0.029316 0.040441
1 0.409813 0.794424 0.027687 0.036765
1 0.351995 0.485600 0.026059 0.041667
1 0.393119 0.597733 0.043160 0.045343
1 0.429357 0.543199 0.045603 0.066176
