2 0.326799 0.596933 0.026992 0.028935
2 0.133515 0.691117 0.069087 0.044271
2 0.035026 0.677662 0.034704 0.053241
2 0.062179 0.662326 0.063946 0.053241
2 0.092866 0.590278 0.032134 0.037616
2 0.068284 0.561343 0.042095 0.037616
2 0.031330 0.558015 0.056877 0.062211
2 0.073265 0.512587 0.071337 0.033275
2 0.057198 0.485966 0.044344 0.033275
2 0.076960 0.469473 0.054306 0.044271
2 0.060893 0.426071 0.031812 0.033275
2 0.117449 0.401765 0.051735 0.028646
2 0.051093 0.361834 0.041774 0.033275
2 0.097847 0.350694 0.051735 0.050926
2 0.414364 0.191117 0.039524 0.037905
2 0.452442 0.285446 0.061697 0.070891
2 0.371305 0.928241 0.036954 0.039931
2 0.203728 0.669994 0.061697 0.041956
2 0.303503 0.688802 0.039524 0.062211
2 0.149582 0.361834 0.051735 0.068576
2 0.412436 0.125434 0.033098 0.030961
