2 0.814428 0.283131 0.061375 0.048900
2 0.784865 0.361834 0.046594 0.037905
2 0.810733 0.408420 0.039203 0.046586
2 0.691195 0.364005 0.032134 0.037616
2 0.703567 0.175637 0.056877 0.037616
2 0.874679 0.390625 0.039203 0.037616
2 0.888175 0.532552 0.041774 0.037905
2 0.850096 0.558015 0.054306 0.044271
2 0.868734 0.597946 0.036954 0.022280
2 0.866163 0.625723 0.022172 0.019965
2 0.834190 0.622396 0.026992 0.044560
2 0.747911 0.671007 0.042095 0.039931
2 0.803342 0.683304 0.039203 0.041956
2 0.739235 0.735388 0.034383 0.017650
2 0.756427 0.754196 0.059126 0.019965
2 0.751607 0.774306 0.068766 0.037616
2 0.686375 0.736545 0.046915 0.041956
2 0.720758 0.807436 0.046915 0.019965
2 0.738111 0.824219 0.041774 0.022280
2 0.722044 0.850694 0.049486 0.021991
2 0.832905 0.825231 0.053985 0.037616
2 0.885765 0.815394 0.036954 0.026620
2 0.829210 0.866175 0.042095 0.022280
2 0.794666 0.880642 0.041774 0.024595
2 0.765103 0.890625 0.032134 0.039931
2 0.650546 0.938368 0.049165 0.055556
2 0.800932 0.728877 0.034383 0.039931
