3 0.296112 0.768663 0.063946 0.062211
3 0.316999 0.651186 0.046594 0.044271
3 0.456138 0.840856 0.058805 0.037616
3 0.612468 0.564815 0.032134 0.053241
3 0.632230 0.524740 0.066517 0.070891
3 0.605077 0.447193 0.026992 0.030961
3 0.558323 0.450521 0.031812 0.032986
3 0.559608 0.512587 0.034383 0.033275
3 0.656812 0.428385 0.046915 0.041956
3 0.665328 0.335214 0.019602 0.033275
3 0.714653 0.322917 0.059126 0.066551
3 0.706138 0.373987 0.051735 0.044271
3 0.699871 0.413918 0.064267 0.035590
3 0.714653 0.448351 0.029563 0.028646
3 0.773779 0.421730 0.039203 0.041956
3 0.757873 0.368490 0.036954 0.051215
