2 0.427860 0.199942 0.031812 0.037616
2 0.683965 0.372975 0.036954 0.042245
2 0.542256 0.505932 0.049165 0.037905
2 0.414364 0.589120 0.054306 0.057870
2 0.403117 0.629051 0.036954 0.035301
2 0.506587 0.599103 0.042095 0.024595
2 0.499197 0.579138 0.042095 0.028646
2 0.618734 0.607928 0.034383 0.037616
2 0.557198 0.607928 0.029563 0.028935
2 0.544826 0.644531 0.039524 0.022280
2 0.495501 0.628038 0.029563 0.033275
2 0.568284 0.666667 0.036954 0.026620
2 0.536150 0.676649 0.031812 0.028646
2 0.559608 0.704427 0.039524 0.030961
2 0.516549 0.694444 0.036954 0.024306
2 0.501607 0.681134 0.046915 0.028935
2 0.453567 0.660012 0.034383 0.021991
2 0.462243 0.689959 0.031812 0.024595
2 0.480720 0.715422 0.034704 0.030961
2 0.500321 0.750868 0.029563 0.039931
2 0.526350 0.731047 0.032134 0.022280
2 0.547237 0.748698 0.024422 0.035590
2 0.538721 0.778646 0.022172 0.028935
2 0.504177 0.798611 0.026992 0.024306
2 0.538560 0.835214 0.026992 0.030961
