3 0.803292 0.798142 0.029781 0.045608
3 0.884013 0.812500 0.025078 0.030405
3 0.468652 0.800676 0.065831 0.057432
3 0.211599 0.542230 0.065831 0.057432
3 0.228056 0.352196 0.036050 0.045608
3 0.271160 0.392736 0.040752 0.055743
3 0.384796 0.337838 0.057994 0.081081
3 0.208464 0.211149 0.072100 0.054054
3 0.100313 0.220439 0.053292 0.079392
3 0.077586 0.152872 0.070533 0.045608
3 0.205329 0.274493 0.062696 0.042230
3 0.173981 0.369932 0.065831 0.054054
3 0.105016 0.354730 0.050157 0.047297
3 0.154389 0.091216 0.070533 0.070946
3 0.159091 0.475507 0.079937 0.062500
3 0.336207 0.406250 0.054859 0.052365
3 0.476489 0.516047 0.059561 0.059122
3 0.343260 0.271959 0.068966 0.070946
