2 0.249197 0.463831 0.034383 0.042245
2 0.280045 0.395110 0.031812 0.041956
2 0.230720 0.359664 0.041774 0.050926
2 0.340296 0.364149 0.044344 0.033275
2 0.575514 0.241030 0.026992 0.035301
2 0.532455 0.217737 0.053985 0.033275
2 0.515263 0.254340 0.019602 0.021991
2 0.539846 0.281973 0.029563 0.024595
2 0.548522 0.187789 0.032134 0.026620
2 0.175450 0.623553 0.039203 0.037616
2 0.244377 0.634549 0.034383 0.028935
2 0.257873 0.666667 0.066517 0.035301
2 0.368734 0.953848 0.046594 0.033275
2 0.418059 0.941551 0.041774 0.053241
2 0.474454 0.960503 0.036954 0.041956
2 0.542256 0.935041 0.034383 0.035590
2 0.554627 0.962674 0.039203 0.015625
2 0.271530 0.744358 0.044344 0.062211
