3 0.313021 0.468519 0.021875 0.057407
3 0.341927 0.469907 0.031771 0.084259
3 0.379948 0.411574 0.023438 0.063889
3 0.357292 0.208333 0.018750 0.042593
3 0.251302 0.350000 0.036979 0.077778
3 0.294531 0.345370 0.025521 0.068519
3 0.364583 0.616204 0.027083 0.069444
3 0.408073 0.620370 0.028646 0.072222
3 0.462760 0.647685 0.033854 0.084259
3 0.528125 0.626389 0.038542 0.060185
3 0.585417 0.617593 0.021875 0.072222
3 0.552604 0.683796 0.027083 0.071296
3 0.515365 0.723148 0.036979 0.048148
3 0.481510 0.809722 0.036979 0.036111
3 0.453646 0.829630 0.032292 0.051852
3 0.443490 0.760648 0.035937 0.050926
3 0.393490 0.688426 0.030729 0.045370
3 0.397656 0.799537 0.025521 0.050926
3 0.288802 0.606019 0.020313 0.060185
3 0.305469 0.701852 0.044271 0.096296
3 0.335156 0.621759 0.018229 0.075000
3 0.491927 0.566667 0.033854 0.053704
