2 0.622066 0.652475 0.046948 0.057426
2 0.512911 0.650495 0.044601 0.037624
2 0.556338 0.653465 0.042254 0.027723
2 0.565728 0.684158 0.051643 0.033663
2 0.544601 0.706931 0.042254 0.031683
2 0.523474 0.683168 0.037559 0.035644
2 0.468310 0.689109 0.035211 0.047525
2 0.475352 0.646535 0.025822 0.041584
2 0.413146 0.626733 0.037559 0.033663
2 0.404930 0.696040 0.030516 0.045545
2 0.460094 0.764356 0.042254 0.043564
2 0.484742 0.802970 0.049296 0.037624
2 0.521127 0.757426 0.037559 0.033663
2 0.568075 0.736634 0.046948 0.039604
2 0.577465 0.765347 0.046948 0.029703
2 0.586854 0.793069 0.037559 0.037624
2 0.667840 0.749505 0.030516 0.033663
2 0.714789 0.726733 0.044601 0.043564
2 0.645540 0.831683 0.037559 0.039604
2 0.568075 0.866337 0.037559 0.049505
2 0.490610 0.835644 0.023474 0.027723
2 0.617371 0.885149 0.032864 0.027723
2 0.671362 0.903960 0.032864 0.037624
2 0.726526 0.847525 0.044601 0.039604
2 0.727700 0.895050 0.042254 0.039604
2 0.440141 0.664356 0.044601 0.057426
