3 0.700020 0.173254 0.030334 0.058517
3 0.719463 0.081648 0.032166 0.043199
3 0.673758 0.334865 0.031963 0.050858
3 0.732085 0.301777 0.043974 0.066176
3 0.728726 0.460938 0.030334 0.073836
3 0.672842 0.524663 0.033795 0.053615
3 0.644137 0.555300 0.030537 0.058517
3 0.637419 0.494179 0.040717 0.048407
3 0.687296 0.636642 0.039088 0.068627
3 0.725366 0.659620 0.033795 0.063725
3 0.522292 0.617647 0.037256 0.061275
3 0.518017 0.546262 0.038884 0.050858
3 0.606067 0.677390 0.032166 0.063725
3 0.634772 0.643076 0.032166 0.045956
3 0.644951 0.705423 0.018730 0.038297
3 0.639963 0.760110 0.035627 0.066176
3 0.594259 0.741115 0.028909 0.043505
3 0.692386 0.760263 0.021987 0.056066
3 0.765167 0.520833 0.059243 0.066176
