2 0.450893 0.128667 0.062500 0.046667
2 0.391964 0.127333 0.098214 0.057333
2 0.384821 0.152667 0.044643 0.033333
2 0.354464 0.184667 0.058929 0.044000
2 0.274107 0.241333 0.058929 0.050667
2 0.309821 0.250667 0.048214 0.029333
2 0.224107 0.298000 0.048214 0.049333
2 0.381250 0.279333 0.041071 0.033333
2 0.318750 0.307333 0.048214 0.049333
2 0.334821 0.324667 0.033929 0.036000
2 0.361607 0.353333 0.044643 0.021333
2 0.591964 0.532667 0.041071 0.033333
2 0.639286 0.526667 0.046429 0.032000
2 0.294643 0.524667 0.071429 0.030667
2 0.293750 0.555333 0.044643 0.044000
2 0.219643 0.699333 0.057143 0.049333
2 0.271429 0.658667 0.035714 0.029333
2 0.291071 0.690667 0.032143 0.032000
2 0.322321 0.646667 0.044643 0.026667
2 0.339286 0.680000 0.042857 0.026667
2 0.363393 0.704000 0.058929 0.032000
2 0.399107 0.714000 0.041071 0.046667
2 0.439286 0.712667 0.032143 0.022667
2 0.366071 0.628667 0.035714 0.036000
2 0.320536 0.597333 0.044643 0.048000
2 0.358929 0.564000 0.067857 0.053333
2 0.558036 0.684667 0.037500 0.033333
2 0.568750 0.650667 0.041071 0.032000
2 0.513393 0.638000 0.033929 0.033333
2 0.472321 0.654000 0.080357 0.054667
2 0.406250 0.418667 0.158929 0.077333
2 0.482143 0.550667 0.060714 0.053333
2 0.404464 0.600000 0.041071 0.040000
2 0.519643 0.602000 0.057143 0.036000
