1 0.747812 0.550833 0.025625 0.038333
1 0.711875 0.546250 0.033750 0.034167
1 0.665000 0.624583 0.032500 0.022500
1 0.633750 0.662917 0.033750 0.022500
1 0.643750 0.687500 0.023750 0.036667
1 0.580313 0.653750 0.045625 0.040833
1 0.595000 0.679583 0.020000 0.015833
1 0.600000 0.705417 0.030000 0.027500
1 0.549063 0.688333 0.030625 0.025000
1 0.530625 0.664583 0.033750 0.035833
1 0.484063 0.696667 0.021875 0.031667
1 0.501875 0.743750 0.027500 0.027500
1 0.530625 0.708750 0.043750 0.055833
1 0.488125 0.807083 0.047500 0.049167
1 0.540625 0.765000 0.020000 0.020000
1 0.581250 0.742917 0.037500 0.047500
1 0.609062 0.748333 0.011875 0.031667
1 0.635625 0.770833 0.033750 0.045000
1 0.495312 0.530833 0.040625 0.038333
1 0.555937 0.785417 0.030625 0.020833
1 0.684375 0.698333 0.023750 0.031667
1 0.660937 0.745000 0.030625 0.043333
1 0.412187 0.505833 0.030625 0.030000
1 0.404687 0.462917 0.021875 0.052500
1 0.439375 0.466250 0.033750 0.035833
1 0.348750 0.456250 0.032500 0.055833
1 0.474062 0.248333 0.021875 0.038333
1 0.410625 0.157500 0.033750 0.045000
1 0.415312 0.087083 0.026875 0.040833
1 0.370000 0.129167 0.023750 0.033333
1 0.343438 0.077083 0.025625 0.024167
1 0.530625 0.570000 0.020000 0.045000
1 0.500938 0.476250 0.045625 0.065833
1 0.453437 0.406667 0.031875 0.056667
1 0.699063 0.598333 0.025625 0.033333
1 0.527813 0.827500 0.021875 0.050000
1 0.809688 0.545417 0.030625 0.035833
1 0.780000 0.598333 0.028750 0.046667
1 0.852187 0.589583 0.030625 0.047500
1 0.868125 0.555417 0.038750 0.029167
1 0.726875 0.716667 0.030000 0.058333
1 0.764687 0.686250 0.035625 0.042500
1 0.799687 0.690833 0.030625 0.075000
1 0.795312 0.631250 0.025625 0.035833
1 0.780937 0.770833 0.040625 0.050000
1 0.747188 0.790000 0.034375 0.043333
1 0.676875 0.656250 0.035000 0.034167
1 0.700313 0.802500 0.026875 0.036667
1 0.575937 0.894583 0.030625 0.029167
1 0.420000 0.573750 0.026250 0.027500
1 0.505625 0.353750 0.033750 0.037500
1 0.612812 0.566667 0.029375 0.036667
1 0.630938 0.636250 0.033125 0.034167
1 0.833750 0.687917 0.028750 0.060833
1 0.505938 0.672500 0.028125 0.036667
1 0.521250 0.424167 0.040000 0.030000
