2 0.188946 0.405093 0.026992 0.066551
2 0.163239 0.325231 0.044344 0.035301
2 0.245501 0.356337 0.046915 0.057581
2 0.202442 0.280961 0.044344 0.039931
2 0.149582 0.521412 0.046594 0.050926
2 0.192641 0.508102 0.039524 0.042245
2 0.175450 0.560185 0.049486 0.053241
2 0.170630 0.611400 0.059126 0.053241
2 0.233290 0.547020 0.056555 0.044271
2 0.275064 0.567998 0.046915 0.042245
2 0.239396 0.634549 0.034704 0.059606
2 0.271369 0.622396 0.034383 0.039931
2 0.308323 0.675637 0.039524 0.053241
2 0.347847 0.658999 0.039524 0.046586
2 0.403117 0.655671 0.051735 0.039931
2 0.414364 0.707610 0.054306 0.046586
2 0.363914 0.713252 0.036954 0.026620
2 0.337886 0.729890 0.054306 0.037905
2 0.374839 0.759838 0.054306 0.026620
2 0.358933 0.797598 0.046915 0.044271
2 0.419184 0.832031 0.049165 0.033275
2 0.431555 0.881800 0.029563 0.035590
2 0.452442 0.910590 0.012211 0.021991
2 0.374839 0.842882 0.049165 0.024306
2 0.347847 0.868490 0.034383 0.035590
2 0.291131 0.884983 0.034704 0.033275
2 0.233290 0.861834 0.051414 0.039641
2 0.216099 0.805411 0.046594 0.033275
2 0.659222 0.568142 0.031812 0.046586
2 0.715778 0.587963 0.051735 0.050926
