2 0.353952 0.390625 0.031812 0.028935
2 0.325514 0.370660 0.044344 0.037616
2 0.357648 0.315249 0.029563 0.033275
2 0.313303 0.668837 0.044344 0.035590
2 0.275225 0.692130 0.036954 0.028935
2 0.261568 0.723235 0.034704 0.024595
2 0.293541 0.745515 0.019602 0.033275
2 0.323265 0.782118 0.044344 0.039931
2 0.397172 0.803096 0.044344 0.046586
2 0.376125 0.728877 0.022172 0.013310
2 0.379820 0.740885 0.049486 0.046586
2 0.388496 0.696615 0.046915 0.037905
2 0.416774 0.697772 0.034704 0.035590
2 0.451317 0.704282 0.034383 0.026620
2 0.361343 0.650029 0.042095 0.033275
2 0.411793 0.642361 0.034383 0.048611
2 0.528760 0.723235 0.042095 0.041956
2 0.484415 0.695457 0.042095 0.022280
2 0.489396 0.745370 0.046915 0.037616
2 0.457262 0.768663 0.056555 0.035590
2 0.334351 0.716580 0.036954 0.041956
2 0.720758 0.351852 0.046915 0.031250
2 0.634640 0.166667 0.041774 0.024306
2 0.767674 0.263166 0.056555 0.035590
2 0.723329 0.174479 0.046915 0.035301
