2 0.481159 0.279348 0.031884 0.041304
2 0.478986 0.340217 0.047826 0.030435
2 0.558696 0.444565 0.047826 0.030435
2 0.471739 0.416848 0.033333 0.029348
2 0.353623 0.346196 0.055072 0.046739
2 0.434783 0.492391 0.040580 0.036957
2 0.451449 0.527717 0.044928 0.038043
2 0.523913 0.559783 0.042029 0.039130
2 0.518116 0.598370 0.042029 0.033696
2 0.373188 0.629891 0.059420 0.038043
2 0.264493 0.607609 0.062319 0.036957
2 0.637681 0.542935 0.043478 0.038043
2 0.618116 0.637500 0.036232 0.035870
2 0.644928 0.767935 0.034783 0.044565
2 0.576812 0.855978 0.046377 0.046739
2 0.476087 0.769565 0.036232 0.032609
2 0.538406 0.393478 0.042029 0.043478
2 0.299275 0.555435 0.076812 0.047826
2 0.483333 0.725000 0.044928 0.041304
2 0.400725 0.730978 0.044928 0.044565
2 0.344203 0.728804 0.068116 0.044565
2 0.409420 0.844022 0.068116 0.048913
2 0.289855 0.855978 0.040580 0.029348
2 0.299275 0.898370 0.059420 0.046739
2 0.255797 0.809239 0.068116 0.038043
2 0.471739 0.926630 0.068116 0.025000
