1 0.461198 0.668519 0.030729 0.053704
1 0.377604 0.265741 0.032292 0.066667
1 0.487500 0.727315 0.042708 0.093519
1 0.443490 0.730093 0.031771 0.045370
1 0.477344 0.799537 0.049479 0.056481
1 0.480729 0.894444 0.029167 0.077778
1 0.436719 0.864352 0.025521 0.054630
1 0.417969 0.796759 0.042188 0.069444
1 0.390365 0.857870 0.033854 0.060185
1 0.309115 0.925926 0.033854 0.051852
1 0.347917 0.857870 0.037500 0.060185
1 0.370052 0.888426 0.033854 0.054630
1 0.418229 0.924537 0.045833 0.054630
1 0.329167 0.745370 0.037500 0.075926
1 0.367188 0.428241 0.032292 0.065741
1 0.331771 0.331944 0.042708 0.084259
1 0.202083 0.362037 0.026042 0.044444
1 0.316667 0.513426 0.030208 0.060185
1 0.335938 0.503241 0.017708 0.041667
1 0.433854 0.532870 0.023958 0.030556
1 0.422396 0.490741 0.017708 0.022222
1 0.389844 0.604630 0.019271 0.057407
1 0.428385 0.671759 0.018229 0.034259
1 0.357812 0.653704 0.010417 0.024074
1 0.368490 0.332407 0.023438 0.061111
1 0.308594 0.660185 0.030729 0.042593
1 0.287240 0.666667 0.016146 0.035185
1 0.288281 0.708333 0.055729 0.072222
1 0.365104 0.704167 0.016667 0.026852
1 0.378646 0.695370 0.020833 0.035185
1 0.393490 0.539352 0.016146 0.023148
1 0.408854 0.537500 0.018750 0.052778
1 0.341146 0.445370 0.046875 0.085185
1 0.408854 0.445833 0.023958 0.037963
1 0.353125 0.749537 0.026042 0.032407
1 0.357031 0.604167 0.029687 0.043519
1 0.347917 0.558796 0.034375 0.045370
1 0.483333 0.511574 0.017708 0.041667
1 0.510417 0.475463 0.020833 0.034259
1 0.482552 0.626852 0.017188 0.044444
1 0.383333 0.206481 0.018750 0.037037
1 0.425000 0.364815 0.027083 0.035185
1 0.415365 0.403704 0.023438 0.033333
1 0.393750 0.369907 0.023958 0.050926
1 0.385156 0.476852 0.015104 0.035185
1 0.400781 0.486574 0.018229 0.037963
1 0.293490 0.286574 0.016146 0.025000
1 0.355729 0.391667 0.030208 0.037037
1 0.378906 0.948148 0.015104 0.025926
1 0.391146 0.945833 0.010417 0.030556
1 0.452604 0.865278 0.021875 0.047222
1 0.416927 0.720370 0.020313 0.044444
1 0.282813 0.627315 0.025000 0.032407
1 0.343229 0.655556 0.017708 0.042593
1 0.182812 0.241667 0.015625 0.027778
1 0.190365 0.328241 0.022396 0.034259
1 0.183333 0.362037 0.014583 0.037037
1 0.171354 0.344907 0.013542 0.023148
1 0.165625 0.313889 0.017708 0.035185
