3 0.585476 0.660012 0.041774 0.026620
3 0.565713 0.631221 0.027314 0.035590
3 0.513978 0.620081 0.027314 0.039931
3 0.530045 0.665509 0.019602 0.024306
3 0.420469 0.617911 0.042095 0.035590
3 0.393316 0.689959 0.032134 0.028646
3 0.462243 0.896267 0.022172 0.019965
3 0.450032 0.925058 0.031812 0.024306
3 0.389621 0.902778 0.054306 0.037616
3 0.428985 0.421730 0.029563 0.028646
3 0.386086 0.396267 0.036954 0.044271
3 0.415488 0.355179 0.026992 0.028646
3 0.345276 0.311921 0.063946 0.053241
3 0.502892 0.287471 0.053985 0.048900
3 0.488111 0.946036 0.064267 0.044271
