2 0.253053 0.090133 0.036954 0.035590
2 0.399422 0.152199 0.059126 0.039931
2 0.552217 0.137876 0.049165 0.041956
2 0.659383 0.280816 0.041774 0.035590
2 0.606362 0.316406 0.024422 0.030961
2 0.777474 0.446181 0.051735 0.037616
2 0.858772 0.502604 0.046594 0.048611
2 0.937500 0.534722 0.046594 0.042245
2 0.938785 0.569155 0.039524 0.021991
2 0.955977 0.650174 0.049486 0.050926
2 0.841581 0.626736 0.046915 0.039931
2 0.879659 0.590133 0.058805 0.046586
2 0.693605 0.627894 0.051735 0.037616
2 0.623554 0.653501 0.049165 0.030961
2 0.650707 0.836227 0.068766 0.050926
2 0.708548 0.835214 0.041774 0.048900
2 0.765263 0.736545 0.051735 0.037905
2 0.837886 0.695457 0.034383 0.044271
2 0.897012 0.745370 0.049165 0.037616
2 0.932519 0.791956 0.046915 0.037616
2 0.925289 0.829572 0.066517 0.050926
2 0.774904 0.829716 0.051735 0.037905
2 0.832905 0.862847 0.034704 0.037616
2 0.840296 0.893953 0.044344 0.028646
2 0.825514 0.932870 0.034704 0.026620
2 0.758997 0.922743 0.044344 0.037616
2 0.682680 0.969329 0.054306 0.042245
2 0.649422 0.920573 0.041774 0.028646
2 0.526350 0.952691 0.041774 0.035590
