2 0.581620 0.317564 0.029563 0.033275
2 0.644441 0.298611 0.046594 0.048611
2 0.294826 0.317564 0.061375 0.033275
2 0.302217 0.408420 0.042095 0.046586
2 0.170469 0.481626 0.039524 0.033275
2 0.172879 0.603443 0.044344 0.033275
2 0.196497 0.653501 0.036954 0.030961
2 0.219794 0.642216 0.039203 0.044271
2 0.248072 0.625723 0.032134 0.028646
2 0.384640 0.576823 0.029563 0.019965
2 0.394602 0.651186 0.029563 0.022280
2 0.372429 0.675492 0.029563 0.030961
2 0.401992 0.675492 0.029563 0.022280
2 0.382391 0.694300 0.029563 0.019965
2 0.382230 0.739873 0.039524 0.044560
2 0.473329 0.682147 0.034704 0.022280
2 0.468509 0.705440 0.029563 0.028935
2 0.304627 0.711082 0.026992 0.035590
2 0.278760 0.652344 0.024743 0.028646
2 0.342866 0.837384 0.034704 0.035301
2 0.324389 0.860822 0.066517 0.037616
2 0.568123 0.922743 0.041774 0.037616
2 0.552057 0.889612 0.029563 0.033275
2 0.603952 0.876302 0.039524 0.033275
2 0.425289 0.754340 0.022172 0.024306
2 0.426575 0.695602 0.039524 0.013310
2 0.416774 0.724392 0.053985 0.035590
2 0.320694 0.644531 0.049486 0.035590
2 0.328085 0.604745 0.053985 0.039931
