1 0.509375 0.268519 0.048958 0.048148
1 0.446094 0.238426 0.033854 0.036111
1 0.431510 0.199074 0.028646 0.048148
1 0.397656 0.217593 0.039062 0.053704
1 0.508594 0.179630 0.030729 0.038889
1 0.403646 0.306481 0.023958 0.033333
1 0.429167 0.331944 0.027083 0.036111
1 0.381771 0.295833 0.013542 0.030556
1 0.318229 0.313889 0.032292 0.048148
1 0.302083 0.374074 0.023958 0.029630
1 0.330990 0.366667 0.030729 0.038889
1 0.308073 0.408333 0.028646 0.033333
1 0.329948 0.403704 0.028646 0.048148
1 0.353125 0.411574 0.027083 0.032407
1 0.385156 0.429630 0.030729 0.044444
1 0.367448 0.456481 0.028646 0.057407
1 0.348698 0.474537 0.022396 0.050926
1 0.372396 0.480556 0.029167 0.038889
1 0.375781 0.529167 0.031771 0.045370
1 0.428906 0.524537 0.033854 0.054630
1 0.414844 0.610185 0.039062 0.051852
1 0.373177 0.593519 0.036979 0.042593
1 0.335156 0.527315 0.028646 0.054630
1 0.306250 0.534722 0.032292 0.050926
1 0.291146 0.489815 0.021875 0.027778
1 0.271615 0.453704 0.020313 0.033333
1 0.276042 0.541204 0.032292 0.050926
1 0.282031 0.574074 0.020313 0.044444
1 0.299740 0.571296 0.025521 0.057407
1 0.313021 0.468519 0.018750 0.033333
1 0.293750 0.437037 0.030208 0.042593
1 0.363802 0.342130 0.055729 0.069444
1 0.741927 0.426852 0.023438 0.057407
1 0.758594 0.470833 0.027604 0.054630
1 0.332552 0.581944 0.036979 0.065741
1 0.404167 0.375000 0.023958 0.044444
1 0.550521 0.205556 0.027083 0.066667
1 0.730208 0.701852 0.026042 0.059259
1 0.692448 0.776852 0.034896 0.050000
1 0.630208 0.770833 0.023958 0.049074
1 0.433594 0.374074 0.033854 0.033333
1 0.685937 0.403704 0.027083 0.062963
1 0.779948 0.611111 0.022396 0.050000
1 0.693750 0.639815 0.036458 0.066667
1 0.717187 0.586111 0.038542 0.074074
1 0.400781 0.487500 0.030729 0.069444
1 0.448958 0.438889 0.032292 0.050000
1 0.763802 0.694444 0.030729 0.053704
1 0.413281 0.560648 0.029687 0.043519
1 0.687760 0.690278 0.034896 0.043519
1 0.731250 0.764815 0.034375 0.044444
