2 0.296417 0.382047 0.032166 0.037990
2 0.309141 0.340074 0.033998 0.030637
2 0.456331 0.318474 0.030334 0.038297
2 0.312500 0.497855 0.023616 0.045956
2 0.486767 0.515778 0.043974 0.051164
2 0.529927 0.472580 0.035423 0.040748
2 0.440248 0.522212 0.035627 0.038297
2 0.576445 0.523438 0.030334 0.025429
2 0.611156 0.555147 0.035423 0.033088
2 0.489312 0.592065 0.038884 0.040748
2 0.516388 0.583180 0.031963 0.027880
2 0.520664 0.618873 0.016897 0.043505
2 0.493587 0.648131 0.027077 0.035846
2 0.514760 0.678615 0.018526 0.050858
2 0.627239 0.584406 0.023616 0.025429
2 0.638233 0.632966 0.039088 0.050858
2 0.402993 0.734681 0.038884 0.020221
2 0.546010 0.821385 0.050896 0.045956
2 0.545908 0.564185 0.027077 0.020527
2 0.541735 0.608609 0.021987 0.038297
2 0.562907 0.621477 0.030537 0.038297
2 0.584080 0.627911 0.028909 0.040748
2 0.590900 0.566789 0.025448 0.030637
2 0.532471 0.653186 0.027077 0.035539
2 0.564638 0.677390 0.033998 0.048407
2 0.529112 0.696538 0.023616 0.035846
2 0.499491 0.732230 0.025448 0.035539
2 0.419178 0.813725 0.033795 0.045956
2 0.392915 0.788297 0.035423 0.035539
2 0.393730 0.832721 0.033795 0.028186
2 0.442793 0.850643 0.030537 0.053615
2 0.482492 0.872243 0.055782 0.045956
