2 0.737319 0.251381 0.061594 0.033149
2 0.699275 0.266575 0.043478 0.041436
2 0.693841 0.214088 0.061594 0.052486
2 0.581522 0.227901 0.032609 0.035912
2 0.626812 0.226519 0.050725 0.033149
2 0.619565 0.272099 0.079710 0.041436
2 0.561594 0.335635 0.057971 0.058011
2 0.514493 0.287293 0.050725 0.060773
2 0.485507 0.468232 0.036232 0.041436
2 0.500000 0.527624 0.057971 0.049724
2 0.574275 0.490331 0.032609 0.046961
2 0.653986 0.480663 0.076087 0.049724
2 0.684783 0.545580 0.043478 0.052486
2 0.682971 0.599448 0.047101 0.049724
2 0.619565 0.602210 0.057971 0.049724
2 0.576087 0.596685 0.043478 0.049724
2 0.543478 0.544199 0.036232 0.038674
2 0.530797 0.611878 0.061594 0.058011
2 0.528986 0.647790 0.065217 0.041436
2 0.516304 0.708564 0.032609 0.035912
2 0.601449 0.703039 0.057971 0.035912
2 0.603261 0.743094 0.047101 0.038674
2 0.659420 0.662983 0.036232 0.049724
2 0.721014 0.690608 0.057971 0.033149
2 0.759058 0.589779 0.076087 0.041436
2 0.784420 0.535912 0.083333 0.044199
2 0.681159 0.810773 0.057971 0.046961
2 0.583333 0.799724 0.028986 0.030387
2 0.735507 0.780387 0.057971 0.041436
