2 0.418103 0.204310 0.070690 0.067241
2 0.442241 0.244828 0.043103 0.048276
2 0.481034 0.270690 0.034483 0.031034
2 0.571552 0.306897 0.060345 0.034483
2 0.645690 0.207759 0.067241 0.074138
2 0.732759 0.119828 0.062069 0.060345
2 0.509483 0.358621 0.060345 0.024138
2 0.493966 0.395690 0.043103 0.050000
2 0.544828 0.394828 0.062069 0.055172
2 0.603448 0.441379 0.062069 0.055172
2 0.394828 0.431897 0.051724 0.046552
2 0.458621 0.456897 0.055172 0.051724
2 0.430172 0.544828 0.043103 0.055172
2 0.516379 0.647414 0.032759 0.032759
2 0.582759 0.606897 0.086207 0.086207
2 0.675862 0.443966 0.034483 0.039655
2 0.666379 0.359483 0.036207 0.053448
2 0.394828 0.870690 0.062069 0.055172
2 0.423276 0.921552 0.029310 0.060345
2 0.473276 0.822414 0.050000 0.034483
2 0.531034 0.854310 0.058621 0.056897
2 0.555172 0.715517 0.034483 0.041379
2 0.589655 0.692241 0.034483 0.056897
2 0.611207 0.800862 0.039655 0.036207
2 0.681034 0.711207 0.068966 0.060345
2 0.623276 0.715517 0.032759 0.041379
2 0.820690 0.663793 0.068966 0.048276
2 0.475862 0.713793 0.048276 0.051724
2 0.577586 0.495690 0.065517 0.056897
2 0.506034 0.504310 0.056897 0.053448
2 0.334483 0.505172 0.055172 0.065517
2 0.639655 0.291379 0.062069 0.051724
2 0.725862 0.312069 0.082759 0.062069
2 0.751724 0.244828 0.055172 0.072414
2 0.725000 0.168103 0.081034 0.087931
