1 0.585329 0.364286 0.032934 0.052381
1 0.544910 0.330952 0.041916 0.042857
1 0.570359 0.511905 0.038922 0.052381
1 0.476048 0.340476 0.041916 0.080952
1 0.404192 0.319048 0.017964 0.028571
1 0.345808 0.435714 0.032934 0.042857
1 0.374251 0.550000 0.035928 0.061905
1 0.452096 0.500000 0.047904 0.047619
1 0.523952 0.716667 0.041916 0.061905
1 0.591317 0.583333 0.026946 0.052381
1 0.335329 0.673810 0.029940 0.052381
1 0.550898 0.202381 0.047904 0.071429
1 0.730539 0.259524 0.029940 0.061905
1 0.730539 0.378571 0.041916 0.071429
1 0.699102 0.345238 0.044910 0.071429
1 0.679641 0.440476 0.071856 0.080952
1 0.661677 0.369048 0.029940 0.052381
1 0.624251 0.371429 0.038922 0.057143
1 0.559880 0.404762 0.035928 0.066667
1 0.491018 0.404762 0.041916 0.047619
1 0.568862 0.278571 0.029940 0.061905
1 0.485030 0.171429 0.029940 0.047619
1 0.470060 0.219048 0.041916 0.057143
1 0.505988 0.240476 0.041916 0.071429
1 0.435629 0.219048 0.044910 0.076190
1 0.375749 0.178571 0.044910 0.061905
1 0.435629 0.333333 0.044910 0.076190
1 0.348802 0.323810 0.050898 0.057143
1 0.360778 0.395238 0.038922 0.047619
1 0.465569 0.450000 0.062874 0.061905
1 0.365269 0.497619 0.047904 0.061905
1 0.300898 0.466667 0.044910 0.038095
1 0.308383 0.580952 0.053892 0.076190
1 0.399701 0.709524 0.050898 0.085714
1 0.458084 0.628571 0.059880 0.066667
1 0.534431 0.573810 0.062874 0.071429
1 0.643713 0.683333 0.041916 0.061905
1 0.666168 0.733333 0.026946 0.047619
1 0.607784 0.778571 0.047904 0.061905
1 0.609281 0.835714 0.038922 0.090476
1 0.751497 0.480952 0.059880 0.076190
1 0.199102 0.414286 0.032934 0.047619
1 0.235030 0.530952 0.032934 0.033333
1 0.260479 0.330952 0.029940 0.033333
1 0.303892 0.300000 0.026946 0.047619
1 0.311377 0.383333 0.029940 0.042857
1 0.682635 0.833333 0.029940 0.047619
1 0.660180 0.876190 0.032934 0.066667
1 0.696108 0.783333 0.032934 0.052381
1 0.616766 0.438095 0.029940 0.038095
1 0.604790 0.307143 0.041916 0.052381
1 0.684132 0.264286 0.038922 0.052381
1 0.724551 0.166667 0.041916 0.057143
