2 0.527382 0.352788 0.027077 0.040748
2 0.492773 0.509344 0.025448 0.043199
2 0.500305 0.571844 0.003461 0.005208
2 0.491042 0.546262 0.032166 0.045956
2 0.420806 0.609988 0.017101 0.035539
2 0.630599 0.122396 0.037256 0.053615
2 0.536747 0.203891 0.025448 0.058517
2 0.471498 0.296875 0.033795 0.050858
2 0.524023 0.291667 0.054153 0.076593
2 0.586625 0.270067 0.016897 0.038297
2 0.526568 0.457261 0.035627 0.040748
2 0.434344 0.488971 0.033998 0.053309
2 0.532471 0.537377 0.027077 0.043505
2 0.535016 0.612592 0.015065 0.020527
2 0.460607 0.613664 0.028705 0.048407
2 0.532471 0.583333 0.033998 0.048407
2 0.481678 0.623928 0.033795 0.043199
2 0.502850 0.650735 0.025244 0.035539
2 0.524837 0.691330 0.042345 0.040748
2 0.565452 0.627911 0.038884 0.056066
2 0.599349 0.679994 0.032166 0.053615
2 0.552728 0.709252 0.023616 0.061275
2 0.636604 0.660846 0.032166 0.061275
