2 0.376125 0.213252 0.071658 0.024306
2 0.212243 0.306424 0.063946 0.042245
2 0.144762 0.336227 0.096080 0.053241
2 0.196337 0.441551 0.061697 0.037616
2 0.120019 0.433883 0.090938 0.052951
2 0.192641 0.491464 0.063946 0.048900
2 0.302217 0.574797 0.101221 0.059896
2 0.214814 0.634549 0.078728 0.108796
2 0.420469 0.855179 0.090938 0.030961
2 0.484415 0.872975 0.031812 0.066551
2 0.342866 0.913918 0.073907 0.055266
2 0.414364 0.889468 0.078728 0.068866
2 0.404081 0.808304 0.049807 0.024016
2 0.194087 0.811777 0.044344 0.022859
2 0.516549 0.764323 0.031170 0.024016
2 0.247911 0.732494 0.038882 0.025752
2 0.213528 0.527922 0.040810 0.029803
2 0.446176 0.715422 0.047879 0.029803
2 0.612307 0.299334 0.029884 0.055845
2 0.395244 0.766348 0.038560 0.029803
2 0.151510 0.464988 0.038882 0.031829
