2 0.616246 0.212776 0.042345 0.051164
2 0.667854 0.164369 0.050692 0.056066
2 0.705924 0.124847 0.042142 0.068934
2 0.689841 0.224265 0.060871 0.063725
2 0.478318 0.474877 0.047435 0.081495
2 0.505395 0.522059 0.027077 0.048407
2 0.474959 0.592218 0.030537 0.061275
2 0.507940 0.599877 0.035423 0.050858
2 0.543465 0.504289 0.025448 0.048407
2 0.425896 0.690257 0.030537 0.063725
2 0.480049 0.730852 0.030537 0.058517
2 0.474959 0.770374 0.050896 0.060968
2 0.409813 0.804841 0.039088 0.053309
2 0.483408 0.821232 0.060871 0.040748
2 0.525753 0.787071 0.047435 0.048407
2 0.561279 0.820159 0.043974 0.063725
2 0.536645 0.853248 0.052524 0.048407
2 0.491857 0.863358 0.061075 0.037990
2 0.439434 0.911612 0.027077 0.058517
2 0.496946 0.890012 0.037052 0.030637
2 0.514658 0.928309 0.045603 0.045956
2 0.546010 0.627757 0.033795 0.050858
2 0.566266 0.574295 0.047435 0.040748
2 0.559548 0.732230 0.044178 0.066176
2 0.567997 0.408854 0.050896 0.040748
2 0.601893 0.466146 0.047435 0.073836
2 0.626323 0.397365 0.038884 0.043505
2 0.634874 0.475031 0.025448 0.045650
2 0.664495 0.607537 0.043974 0.096814
2 0.672944 0.390931 0.030334 0.050858
2 0.718546 0.371783 0.047435 0.058517
2 0.595175 0.079044 0.027077 0.043505
2 0.621336 0.099418 0.032166 0.053615
2 0.656861 0.100797 0.038884 0.066176
2 0.650855 0.040901 0.054153 0.078738
