3 0.890746 0.612413 0.041774 0.028646
3 0.903117 0.663339 0.076157 0.059896
3 0.707262 0.869647 0.049486 0.059896
3 0.618734 0.862992 0.039524 0.028646
3 0.651992 0.843027 0.041774 0.041956
3 0.511568 0.880642 0.012211 0.028646
3 0.575514 0.880642 0.026992 0.015336
3 0.612468 0.906105 0.046915 0.035590
3 0.938785 0.376157 0.034383 0.026620
3 0.928985 0.344184 0.029563 0.019965
3 0.920308 0.243200 0.041774 0.026331
3 0.313303 0.225405 0.024422 0.026620
3 0.397172 0.342882 0.044344 0.039931
3 0.461118 0.470486 0.029563 0.042245
