1 0.269565 0.094595 0.072464 0.123552
1 0.134783 0.094595 0.075362 0.081081
1 0.130435 0.166023 0.063768 0.077220
1 0.643478 0.506757 0.084058 0.063707
1 0.586232 0.603282 0.071014 0.044402
1 0.525362 0.766409 0.050725 0.081081
1 0.539130 0.816602 0.052174 0.081081
1 0.711594 0.746139 0.063768 0.075290
1 0.718841 0.677606 0.066667 0.100386
1 0.733333 0.610039 0.066667 0.069498
1 0.823188 0.620656 0.040580 0.063707
1 0.836957 0.640927 0.036232 0.038610
1 0.781159 0.730695 0.040580 0.059846
1 0.842754 0.705598 0.050725 0.075290
1 0.776812 0.489382 0.043478 0.055985
1 0.794203 0.541506 0.040580 0.055985
1 0.863768 0.551158 0.049275 0.059846
1 0.883333 0.661197 0.050725 0.059846
1 0.766667 0.653475 0.060870 0.055985
1 0.728986 0.562741 0.055072 0.036680
1 0.657971 0.628378 0.057971 0.044402
1 0.647101 0.705598 0.050725 0.048263
1 0.657971 0.760618 0.052174 0.065637
1 0.641304 0.818533 0.044928 0.069498
1 0.723188 0.799228 0.046377 0.073359
1 0.694928 0.882239 0.062319 0.057915
1 0.607246 0.852317 0.052174 0.052124
1 0.599275 0.777027 0.047826 0.048263
1 0.552899 0.694015 0.027536 0.052124
1 0.594203 0.696911 0.057971 0.073359
1 0.474638 0.753861 0.042029 0.063707
1 0.473913 0.807915 0.040580 0.071429
1 0.424638 0.672780 0.049275 0.063707
1 0.306522 0.520270 0.039130 0.052124
1 0.405797 0.464286 0.028986 0.048263
1 0.393478 0.258687 0.042029 0.050193
1 0.295652 0.213320 0.052174 0.059846
1 0.429710 0.083012 0.071014 0.081081
1 0.457971 0.174710 0.060870 0.079151
1 0.184783 0.524131 0.044928 0.094595
1 0.065217 0.318533 0.057971 0.081081
1 0.040580 0.444981 0.031884 0.063707
1 0.028986 0.194015 0.037681 0.071429
1 0.044928 0.147683 0.037681 0.052124
1 0.187681 0.187259 0.059420 0.088803
1 0.485507 0.627413 0.052174 0.065637
1 0.332609 0.303089 0.036232 0.057915
1 0.381884 0.393822 0.044928 0.042471
1 0.568841 0.553089 0.053623 0.044402
1 0.082609 0.035714 0.057971 0.055985
1 0.023188 0.026062 0.046377 0.052124
1 0.387681 0.184363 0.073913 0.071429
