1 0.544554 0.714634 0.059406 0.043902
1 0.457921 0.673171 0.064356 0.048780
1 0.435644 0.726829 0.029703 0.058537
1 0.428218 0.817073 0.064356 0.043902
1 0.420792 0.868293 0.049505 0.048780
1 0.438119 0.914634 0.044554 0.043902
1 0.574257 0.936585 0.049505 0.058537
1 0.509901 0.941463 0.059406 0.048780
1 0.376238 0.926829 0.049505 0.039024
1 0.500000 0.812195 0.029703 0.034146
1 0.537129 0.792683 0.034653 0.043902
1 0.801980 0.534146 0.049505 0.063415
1 0.754950 0.556098 0.044554 0.048780
1 0.806931 0.631707 0.049505 0.063415
1 0.871287 0.556098 0.039604 0.039024
1 0.824257 0.741463 0.064356 0.048780
1 0.821782 0.692683 0.039604 0.039024
1 0.668317 0.709756 0.059406 0.082927
1 0.584158 0.743902 0.059406 0.053659
1 0.561881 0.843902 0.064356 0.039024
1 0.544554 0.892683 0.069307 0.048780
1 0.373762 0.865854 0.034653 0.034146
1 0.351485 0.790244 0.059406 0.068293
1 0.287129 0.682927 0.069307 0.048780
1 0.334158 0.702439 0.054455 0.048780
1 0.277228 0.436585 0.069307 0.073171
1 0.294554 0.195122 0.054455 0.048780
1 0.903465 0.124390 0.074257 0.073171
1 0.467822 0.180488 0.054455 0.048780
1 0.596535 0.065854 0.054455 0.043902
1 0.700495 0.134146 0.054455 0.043902
1 0.779703 0.136585 0.044554 0.058537
1 0.336634 0.304878 0.049505 0.053659
1 0.207921 0.612195 0.049505 0.043902
1 0.188119 0.548780 0.049505 0.043902
1 0.329208 0.392683 0.044554 0.043902
1 0.371287 0.395122 0.039604 0.039024
1 0.309406 0.356098 0.044554 0.039024
1 0.373762 0.192683 0.054455 0.043902
1 0.267327 0.580488 0.049505 0.048780
1 0.225248 0.839024 0.044554 0.048780
1 0.264851 0.868293 0.044554 0.039024
1 0.301980 0.919512 0.039604 0.034146
1 0.326733 0.943902 0.029703 0.034146
1 0.410891 0.980488 0.029703 0.029268
1 0.294554 0.951220 0.044554 0.039024
1 0.319307 0.839024 0.034653 0.039024
1 0.341584 0.858537 0.039604 0.039024
1 0.512376 0.743902 0.034653 0.034146
1 0.477723 0.756098 0.044554 0.048780
1 0.396040 0.719512 0.049505 0.053659
1 0.292079 0.790244 0.049505 0.048780
1 0.230198 0.446341 0.044554 0.043902
1 0.198020 0.470732 0.039604 0.043902
1 0.376238 0.363415 0.039604 0.034146
