2 0.563303 0.576823 0.061697 0.059896
2 0.464653 0.800926 0.032134 0.050926
2 0.456138 0.609086 0.044023 0.048611
2 0.427860 0.534867 0.081298 0.086516
2 0.335476 0.569155 0.088689 0.053241
2 0.238271 0.590278 0.036954 0.042245
2 0.203728 0.629051 0.051414 0.061921
2 0.179145 0.565828 0.046594 0.059896
2 0.118734 0.492622 0.063946 0.064525
2 0.384640 0.147859 0.044344 0.048611
2 0.480720 0.081308 0.064267 0.061921
2 0.570694 0.060330 0.046915 0.041956
2 0.634640 0.085648 0.046915 0.026620
2 0.677860 0.125579 0.108290 0.026620
2 0.660508 0.173466 0.073586 0.073206
2 0.766388 0.164497 0.053985 0.059896
2 0.671594 0.267650 0.046915 0.053241
2 0.298522 0.649016 0.073907 0.066551
2 0.369859 0.834780 0.056555 0.037037
2 0.385765 0.805266 0.046594 0.031829
2 0.302057 0.675058 0.043059 0.034722
