1 0.474043 0.766697 0.028705 0.058517
1 0.517305 0.702819 0.023616 0.048407
1 0.548555 0.673713 0.028705 0.050858
1 0.578990 0.631740 0.021987 0.033088
1 0.585708 0.601103 0.021987 0.017770
1 0.616246 0.629136 0.032166 0.053615
1 0.647496 0.626532 0.047435 0.043505
1 0.646682 0.552696 0.025448 0.037990
1 0.680476 0.520833 0.025448 0.045956
1 0.611971 0.439491 0.023616 0.040748
1 0.540106 0.328585 0.045603 0.063419
1 0.597618 0.380821 0.049064 0.071078
1 0.654316 0.667279 0.047231 0.028186
1 0.688925 0.649357 0.045603 0.058517
1 0.485037 0.682598 0.016897 0.048407
1 0.513029 0.632812 0.028909 0.025429
1 0.557003 0.567862 0.032166 0.043199
1 0.517305 0.738664 0.033795 0.048407
1 0.540920 0.771599 0.030537 0.043199
1 0.575631 0.714461 0.018526 0.045956
1 0.589984 0.752604 0.020358 0.045650
1 0.625509 0.708027 0.037256 0.048407
1 0.449715 0.729933 0.019544 0.026042
1 0.441775 0.795956 0.017101 0.018995
1 0.613701 0.868413 0.025448 0.034620
1 0.630395 0.521293 0.014454 0.027880
1 0.598331 0.350490 0.022801 0.030637
1 0.523005 0.850797 0.020358 0.023897
1 0.562805 0.812960 0.021376 0.022978
1 0.553339 0.836397 0.017508 0.029412
1 0.572781 0.797335 0.018526 0.026042
1 0.664800 0.720129 0.021783 0.033395
1 0.677932 0.698683 0.019951 0.034007
1 0.688823 0.606311 0.021783 0.031863
1 0.535525 0.633885 0.022598 0.032475
1 0.624287 0.485907 0.023005 0.023897
1 0.617264 0.508578 0.019951 0.031250
1 0.597720 0.478707 0.024023 0.027267
1 0.480965 0.289062 0.026669 0.032169
1 0.562398 0.294271 0.023005 0.032782
1 0.584894 0.300092 0.028502 0.045650
1 0.594666 0.585938 0.023616 0.033395
1 0.463050 0.540594 0.018933 0.028493
1 0.645664 0.589614 0.022191 0.032782
1 0.574104 0.682904 0.024023 0.031250
1 0.593343 0.670343 0.025448 0.029412
1 0.547129 0.601869 0.022598 0.027267
1 0.524837 0.603554 0.023208 0.030637
1 0.493180 0.623009 0.017712 0.026042
1 0.398616 0.576900 0.027687 0.034926
1 0.352402 0.598192 0.027687 0.056679
1 0.373982 0.569240 0.028094 0.043505
1 0.484324 0.572304 0.022801 0.029412
1 0.492264 0.595435 0.020358 0.023591
1 0.472516 0.608456 0.020765 0.037377
1 0.676812 0.571844 0.025041 0.039522
1 0.712744 0.556679 0.017101 0.037377
1 0.522089 0.361520 0.025041 0.031250
