1 0.500193 0.194702 0.037423 0.061214
1 0.471451 0.198045 0.027006 0.045267
1 0.431520 0.190072 0.021991 0.047840
1 0.364969 0.191358 0.043981 0.045267
1 0.392747 0.217335 0.032407 0.042695
1 0.425733 0.255658 0.020448 0.024691
1 0.440201 0.298354 0.028549 0.047325
1 0.484954 0.275977 0.040895 0.042695
1 0.314043 0.247685 0.023920 0.044753
1 0.309992 0.313014 0.038966 0.044753
1 0.288773 0.334362 0.040509 0.060700
1 0.414738 0.347994 0.035494 0.029321
1 0.444252 0.353652 0.013503 0.040638
1 0.469907 0.371656 0.027006 0.031379
1 0.459491 0.488940 0.027006 0.027263
1 0.573881 0.412294 0.045910 0.049897
1 0.202546 0.442644 0.043981 0.051955
1 0.176890 0.477623 0.057485 0.049897
1 0.261574 0.588477 0.033951 0.045267
1 0.321759 0.573560 0.045525 0.060700
1 0.401235 0.561214 0.069444 0.049383
1 0.182099 0.636831 0.037037 0.043210
1 0.304784 0.618827 0.035494 0.033951
1 0.272762 0.642490 0.025463 0.045267
1 0.304784 0.653807 0.038580 0.049383
1 0.228588 0.676440 0.059028 0.058642
1 0.187307 0.728138 0.047454 0.040638
1 0.238812 0.758488 0.035494 0.042695
1 0.229552 0.811728 0.043981 0.036008
1 0.225116 0.883745 0.038966 0.045267
1 0.283565 0.772119 0.037037 0.047325
1 0.266782 0.822788 0.040509 0.063272
1 0.317515 0.750772 0.047068 0.054012
1 0.338735 0.699846 0.062500 0.051955
1 0.377508 0.671811 0.048997 0.036008
1 0.397955 0.717850 0.038966 0.051955
1 0.450231 0.679527 0.018519 0.024691
1 0.483218 0.726080 0.040509 0.054012
1 0.413966 0.848765 0.037037 0.038066
1 0.332755 0.846451 0.047454 0.042695
1 0.526620 0.588220 0.052469 0.067387
1 0.387539 0.465792 0.028935 0.040638
1 0.377315 0.520319 0.034722 0.046811
1 0.202160 0.543981 0.026235 0.028292
1 0.164352 0.570730 0.027778 0.034465
1 0.309028 0.892747 0.033179 0.039609
1 0.344907 0.914352 0.035494 0.041667
1 0.139468 0.736883 0.031250 0.036523
1 0.485532 0.627572 0.033565 0.043210
1 0.385031 0.811214 0.044753 0.054527
1 0.233410 0.608796 0.034722 0.037551
1 0.167631 0.514403 0.032793 0.044239
