1 0.218062 0.420290 0.101322 0.057971
1 0.394273 0.415942 0.083700 0.055072
1 0.028634 0.453623 0.048458 0.049275
1 0.154185 0.520290 0.105727 0.043478
1 0.242291 0.515942 0.070485 0.052174
1 0.224670 0.624638 0.035242 0.043478
1 0.385463 0.600000 0.083700 0.034783
1 0.145374 0.684058 0.070485 0.046377
1 0.312775 0.686957 0.096916 0.046377
1 0.185022 0.747826 0.070485 0.052174
1 0.455947 0.881159 0.110132 0.057971
1 0.171806 0.166667 0.096916 0.043478
1 0.167401 0.213043 0.114537 0.055072
1 0.057269 0.556522 0.079295 0.063768
1 0.158590 0.585507 0.079295 0.063768
1 0.541850 0.600000 0.132159 0.104348
1 0.132159 0.872464 0.070485 0.063768
1 0.257709 0.731884 0.083700 0.055072
1 0.321586 0.772464 0.105727 0.060870
1 0.248899 0.827536 0.057269 0.037681
1 0.387665 0.821739 0.114537 0.049275
1 0.480176 0.730435 0.088106 0.052174
1 0.522026 0.768116 0.083700 0.052174
1 0.477974 0.830435 0.083700 0.049275
1 0.374449 0.504348 0.052863 0.034783
1 0.414097 0.514493 0.044053 0.031884
1 0.169604 0.328986 0.048458 0.031884
1 0.306167 0.356522 0.048458 0.040580
1 0.378855 0.211594 0.070485 0.040580
1 0.101322 0.643478 0.070485 0.046377
1 0.189427 0.640580 0.052863 0.040580
1 0.211454 0.682609 0.079295 0.037681
1 0.277533 0.631884 0.088106 0.040580
1 0.255507 0.571014 0.052863 0.052174
1 0.299559 0.900000 0.070485 0.037681
1 0.365639 0.891304 0.061674 0.043478
1 0.151982 0.276812 0.057269 0.031884
1 0.094714 0.279710 0.057269 0.037681
1 0.044053 0.395652 0.061674 0.037681
1 0.114537 0.453623 0.035242 0.031884
1 0.079295 0.469565 0.061674 0.034783
1 0.323789 0.469565 0.057269 0.046377
1 0.466960 0.446377 0.052863 0.040580
1 0.453744 0.559420 0.088106 0.052174
1 0.350220 0.556522 0.110132 0.046377
1 0.288546 0.179710 0.057269 0.028986
1 0.253304 0.143478 0.074890 0.043478
1 0.046256 0.797101 0.057269 0.046377
1 0.059471 0.742029 0.048458 0.040580
1 0.013216 0.733333 0.026432 0.046377
1 0.059471 0.694203 0.048458 0.031884
1 0.107930 0.727536 0.057269 0.040580
1 0.253304 0.863768 0.074890 0.028986
1 0.398678 0.763768 0.048458 0.031884
1 0.416300 0.791304 0.048458 0.034783
1 0.416300 0.713043 0.066079 0.046377
1 0.169604 0.828986 0.057269 0.046377
1 0.301762 0.210145 0.048458 0.037681
1 0.506608 0.517391 0.070485 0.055072
1 0.548458 0.878261 0.066079 0.046377
1 0.548458 0.968116 0.039648 0.028986
1 0.605727 0.956522 0.048458 0.034783
1 0.601322 0.986957 0.048458 0.020290
1 0.068282 0.846377 0.048458 0.046377
1 0.017621 0.860870 0.035242 0.057971
