2 0.786238 0.497855 0.023616 0.045956
2 0.727911 0.550092 0.035627 0.043199
2 0.736360 0.589614 0.018730 0.056066
2 0.756616 0.573070 0.015269 0.022978
2 0.775346 0.599877 0.025448 0.035539
2 0.769340 0.644455 0.047231 0.073836
2 0.732085 0.639400 0.023616 0.048407
2 0.696559 0.602328 0.016897 0.035539
2 0.713559 0.639246 0.023616 0.043199
2 0.714373 0.673560 0.039088 0.040748
2 0.669483 0.676164 0.027077 0.055760
2 0.622150 0.723192 0.026873 0.038297
2 0.636604 0.752604 0.032166 0.045650
2 0.661136 0.769148 0.027077 0.043199
2 0.676303 0.730852 0.030537 0.027880
2 0.642406 0.803462 0.040513 0.035846
2 0.653502 0.829044 0.021987 0.035539
2 0.617875 0.856924 0.032166 0.050858
2 0.611971 0.786918 0.033795 0.043199
2 0.773514 0.564185 0.049064 0.071385
2 0.704194 0.751532 0.021987 0.036765
