1 0.668841 0.608624 0.073913 0.027293
1 0.626812 0.634825 0.082609 0.062227
1 0.552899 0.612991 0.059420 0.027293
1 0.644203 0.568777 0.071014 0.048035
1 0.601449 0.519105 0.066667 0.038210
1 0.696377 0.508188 0.085507 0.060044
1 0.538406 0.503275 0.065217 0.041485
1 0.482609 0.603166 0.052174 0.033843
1 0.400725 0.598799 0.091304 0.046943
1 0.373188 0.537664 0.065217 0.031659
1 0.292029 0.564410 0.073913 0.056769
1 0.126812 0.620633 0.094203 0.046943
1 0.221739 0.637009 0.055072 0.066594
1 0.377536 0.464520 0.079710 0.057860
1 0.460145 0.487445 0.068116 0.060044
1 0.519565 0.444869 0.085507 0.044760
1 0.165942 0.390284 0.079710 0.064410
1 0.465942 0.402293 0.102899 0.053493
1 0.558696 0.334607 0.088406 0.046943
1 0.581884 0.405568 0.076812 0.042576
1 0.565942 0.302948 0.073913 0.057860
1 0.486957 0.278384 0.060870 0.043668
1 0.504348 0.242904 0.066667 0.049127
1 0.609420 0.176310 0.076812 0.031659
1 0.674638 0.195961 0.068116 0.057860
1 0.413768 0.192686 0.097101 0.042576
1 0.151449 0.485808 0.068116 0.041485
1 0.586957 0.118450 0.066667 0.079694
1 0.692029 0.076965 0.094203 0.066594
1 0.800725 0.519651 0.068116 0.045852
1 0.114493 0.334607 0.040580 0.027293
1 0.162319 0.309498 0.072464 0.036026
1 0.286957 0.265830 0.031884 0.033843
1 0.304348 0.297489 0.043478 0.027293
1 0.281884 0.346070 0.053623 0.034934
1 0.269565 0.427948 0.046377 0.039301
1 0.237681 0.465611 0.037681 0.031659
1 0.210870 0.444323 0.033333 0.048035
1 0.173913 0.524017 0.037681 0.028384
1 0.139855 0.542031 0.036232 0.029476
1 0.187681 0.578603 0.076812 0.054585
1 0.346377 0.379367 0.069565 0.055677
1 0.426812 0.356987 0.068116 0.039301
1 0.481884 0.360808 0.033333 0.033843
1 0.541304 0.376638 0.050725 0.032751
1 0.501449 0.340611 0.034783 0.024017
1 0.490580 0.311681 0.042029 0.033843
1 0.410145 0.271288 0.040580 0.040393
1 0.435507 0.302402 0.042029 0.030568
1 0.593478 0.228712 0.053623 0.036026
1 0.649275 0.292576 0.063768 0.034934
1 0.750000 0.162664 0.097101 0.041485
1 0.481159 0.557860 0.072464 0.052402
1 0.035507 0.429585 0.047826 0.057860
1 0.046377 0.475983 0.069565 0.032751
1 0.855072 0.061681 0.052174 0.040393
1 0.755797 0.464520 0.056522 0.066594
