2 0.750321 0.533565 0.032134 0.039931
2 0.782455 0.518084 0.032134 0.044271
2 0.805913 0.499277 0.029563 0.033275
2 0.914203 0.583623 0.044344 0.037616
2 0.928824 0.661169 0.039524 0.037616
2 0.875964 0.646846 0.041774 0.057581
2 0.892031 0.687789 0.039203 0.037616
2 0.893316 0.713252 0.026992 0.031250
2 0.863593 0.742043 0.061375 0.062211
2 0.879659 0.780961 0.029242 0.037616
2 0.732005 0.692130 0.029563 0.028935
2 0.747911 0.668837 0.027314 0.035590
2 0.779884 0.562500 0.032134 0.035301
2 0.815713 0.570312 0.039524 0.042245
2 0.647012 0.590278 0.046594 0.055556
2 0.644441 0.738715 0.046594 0.050926
2 0.628535 0.798611 0.049486 0.037616
2 0.686375 0.802083 0.017352 0.039931
2 0.705977 0.810764 0.026992 0.039931
2 0.739396 0.797598 0.044344 0.035590
2 0.781170 0.790943 0.044344 0.030961
2 0.800932 0.820891 0.039524 0.042245
2 0.762693 0.817419 0.036954 0.026620
2 0.749197 0.850694 0.049165 0.053241
2 0.581780 0.903935 0.039524 0.035301
2 0.634640 0.887297 0.041774 0.046586
2 0.424165 0.258825 0.039203 0.057581
