1 0.830833 0.345703 0.081667 0.074219
1 0.906667 0.379557 0.076667 0.082031
1 0.959167 0.365885 0.051667 0.072917
1 0.416667 0.058594 0.076667 0.057292
1 0.502500 0.332682 0.045000 0.069010
1 0.610833 0.465495 0.035000 0.042969
1 0.599167 0.537760 0.051667 0.062500
1 0.770833 0.636719 0.071667 0.059896
1 0.674167 0.367839 0.041667 0.050781
1 0.467500 0.527995 0.088333 0.082031
1 0.411667 0.472005 0.033333 0.042969
1 0.401667 0.539062 0.060000 0.059896
1 0.355000 0.440104 0.063333 0.057292
1 0.285833 0.369141 0.071667 0.071615
1 0.229167 0.404948 0.041667 0.057292
1 0.236667 0.459635 0.056667 0.044271
1 0.171667 0.438802 0.053333 0.054688
1 0.062500 0.566406 0.045000 0.057292
1 0.179167 0.621745 0.061667 0.053385
1 0.284167 0.586589 0.058333 0.040365
1 0.315000 0.639323 0.056667 0.049479
1 0.392500 0.638672 0.068333 0.050781
1 0.468333 0.625651 0.063333 0.037760
1 0.595000 0.608724 0.076667 0.035156
1 0.579167 0.647786 0.078333 0.050781
1 0.514167 0.748047 0.085000 0.053385
1 0.444167 0.714844 0.048333 0.039062
1 0.551667 0.852214 0.096667 0.079427
1 0.621667 0.753906 0.050000 0.041667
1 0.725000 0.751302 0.093333 0.028646
1 0.880000 0.870443 0.096667 0.066406
1 0.830833 0.800781 0.088333 0.059896
1 0.674167 0.582682 0.065000 0.055990
1 0.762500 0.569661 0.081667 0.063802
1 0.876667 0.531901 0.113333 0.095052
1 0.368333 0.735026 0.060000 0.053385
1 0.178333 0.682943 0.020000 0.019531
1 0.179167 0.525391 0.068333 0.063802
1 0.092500 0.513021 0.065000 0.062500
1 0.639167 0.208333 0.075000 0.059896
1 0.670000 0.262370 0.063333 0.071615
1 0.573333 0.390625 0.080000 0.044271
1 0.353333 0.172526 0.056667 0.037760
1 0.314167 0.197266 0.055000 0.035156
1 0.976667 0.888672 0.043333 0.042969
1 0.793333 0.209635 0.073333 0.041667
1 0.802500 0.259115 0.078333 0.049479
1 0.784167 0.305990 0.081667 0.057292
1 0.775833 0.452474 0.065000 0.042969
1 0.730000 0.396484 0.063333 0.045573
1 0.671667 0.434245 0.066667 0.045573
1 0.946667 0.796224 0.080000 0.061198
1 0.662500 0.804688 0.041667 0.033854
1 0.582500 0.104818 0.058333 0.045573
1 0.495833 0.272135 0.081667 0.041667
1 0.517500 0.693359 0.065000 0.040365
1 0.459167 0.671875 0.065000 0.052083
1 0.240833 0.167318 0.081667 0.058594
1 0.447500 0.822917 0.051667 0.049479
1 0.729167 0.661458 0.065000 0.041667
1 0.789167 0.889974 0.051667 0.050781
