2 0.421754 0.716580 0.049165 0.037905
2 0.637211 0.889468 0.056555 0.042245
2 0.742931 0.836227 0.076478 0.090856
2 0.671594 0.678964 0.046915 0.033275
2 0.645726 0.717593 0.058805 0.053241
2 0.770084 0.704282 0.051735 0.053241
2 0.802057 0.703270 0.056555 0.041956
2 0.820533 0.651186 0.054306 0.052951
2 0.867288 0.632378 0.053985 0.041956
2 0.819248 0.467159 0.036954 0.039641
2 0.825514 0.365162 0.059126 0.061921
2 0.825514 0.298611 0.073907 0.048611
2 0.580495 0.220052 0.071658 0.059896
2 0.510283 0.217737 0.049486 0.055266
2 0.525064 0.175637 0.064267 0.050926
2 0.411793 0.168837 0.073586 0.073206
2 0.335476 0.394097 0.053985 0.053241
2 0.495019 0.825810 0.045308 0.032986
2 0.313785 0.151186 0.046594 0.030961
2 0.414685 0.283999 0.042095 0.039062
2 0.431877 0.232060 0.052057 0.032986
