2 0.675289 0.426215 0.049165 0.024306
2 0.619859 0.329716 0.041774 0.030961
2 0.703567 0.367477 0.042095 0.026620
2 0.676414 0.327402 0.012211 0.044271
2 0.386086 0.656684 0.036954 0.028646
2 0.435090 0.683304 0.026992 0.024595
2 0.406812 0.715422 0.044344 0.030961
2 0.377249 0.755353 0.029563 0.030961
2 0.415649 0.756510 0.022172 0.041956
2 0.463368 0.753183 0.029563 0.044560
2 0.493091 0.727720 0.039524 0.028935
2 0.286311 0.693287 0.014781 0.044560
2 0.312018 0.653501 0.032134 0.017650
2 0.249357 0.648872 0.044344 0.030961
2 0.245501 0.753183 0.041774 0.035301
2 0.259158 0.789786 0.049165 0.037905
2 0.376125 0.910590 0.046594 0.017940
2 0.361343 0.936053 0.051735 0.050926
2 0.603952 0.798611 0.039524 0.024306
2 0.546112 0.810909 0.036954 0.030961
2 0.526189 0.776476 0.036954 0.037905
2 0.430270 0.889468 0.036632 0.024306
2 0.486825 0.911603 0.046915 0.033275
2 0.536150 0.923900 0.042095 0.035301
2 0.590296 0.939381 0.041774 0.035590
2 0.581780 0.970486 0.034383 0.026620
2 0.467063 0.963831 0.036954 0.031250
2 0.715778 0.324074 0.022172 0.028935
2 0.720758 0.291956 0.056555 0.026620
