1 0.431897 0.270375 0.070690 0.033635
1 0.513793 0.321475 0.062069 0.029754
1 0.706897 0.318241 0.058621 0.056921
1 0.354310 0.410091 0.050000 0.054334
1 0.458621 0.405563 0.051724 0.050453
1 0.526724 0.404269 0.070690 0.034929
1 0.402586 0.484476 0.063793 0.045278
1 0.265517 0.630013 0.044828 0.033635
1 0.411207 0.535576 0.053448 0.049159
1 0.552586 0.520699 0.070690 0.055627
1 0.608621 0.472186 0.041379 0.046572
1 0.853448 0.543338 0.044828 0.041397
1 0.885345 0.589909 0.039655 0.041397
1 0.909483 0.663001 0.050000 0.037516
1 0.844828 0.661708 0.041379 0.040103
1 0.802586 0.683700 0.050000 0.040103
1 0.656034 0.471539 0.046552 0.053040
1 0.218103 0.152652 0.067241 0.046572
1 0.179310 0.164942 0.086207 0.047865
1 0.204310 0.239327 0.070690 0.051746
1 0.280172 0.444373 0.091379 0.058215
1 0.590517 0.606080 0.074138 0.034929
1 0.498276 0.804657 0.096552 0.064683
1 0.151724 0.229625 0.082759 0.053040
1 0.288793 0.203752 0.091379 0.050453
1 0.390517 0.578913 0.063793 0.050453
1 0.350862 0.661708 0.067241 0.040103
1 0.325000 0.703105 0.070690 0.050453
1 0.332759 0.841527 0.103448 0.053040
1 0.344828 0.921734 0.072414 0.040103
1 0.506034 0.714748 0.046552 0.027167
1 0.510345 0.902329 0.062069 0.055627
1 0.588793 0.712807 0.036207 0.056921
1 0.649138 0.681113 0.056897 0.055627
1 0.455172 0.672057 0.065517 0.050453
1 0.340517 0.508409 0.060345 0.031048
1 0.847414 0.719922 0.056897 0.053040
1 0.456897 0.745149 0.051724 0.031048
1 0.509483 0.748383 0.053448 0.037516
1 0.241379 0.558215 0.068966 0.040103
1 0.288793 0.164942 0.063793 0.032342
1 0.580172 0.267141 0.043103 0.034929
1 0.196552 0.728331 0.068966 0.033635
1 0.715517 0.911384 0.041379 0.029754
1 0.642241 0.910737 0.077586 0.072445
1 0.708621 0.562743 0.048276 0.031048
1 0.613793 0.349935 0.082759 0.050453
1 0.426724 0.899094 0.046552 0.036223
1 0.464655 0.917206 0.050000 0.036223
1 0.719828 0.468305 0.067241 0.046572
1 0.262069 0.493532 0.041379 0.029754
1 0.300000 0.500647 0.041379 0.046572
1 0.304310 0.534929 0.039655 0.042691
1 0.469828 0.624191 0.050000 0.045278
1 0.511207 0.619017 0.046552 0.045278
1 0.516379 0.454075 0.056897 0.038810
1 0.504310 0.272962 0.063793 0.043984
1 0.783621 0.534282 0.053448 0.043984
