2 0.516549 0.221065 0.036954 0.031250
2 0.490521 0.185475 0.039524 0.066551
2 0.489396 0.081308 0.046915 0.035301
2 0.437661 0.110098 0.032134 0.044271
2 0.401992 0.151186 0.068766 0.024595
2 0.419344 0.185619 0.044344 0.030961
2 0.414364 0.252025 0.039524 0.039931
2 0.469634 0.242043 0.042095 0.033275
2 0.345276 0.217737 0.049165 0.041956
2 0.743091 0.278646 0.066517 0.053241
2 0.742931 0.320747 0.032134 0.030961
2 0.773779 0.350694 0.059126 0.050926
2 0.831620 0.313079 0.041774 0.042245
2 0.866003 0.308594 0.056555 0.037905
2 0.814428 0.366319 0.036954 0.042245
2 0.866163 0.354022 0.051735 0.035590
2 0.863753 0.400608 0.056555 0.062211
2 0.837725 0.397425 0.044344 0.033275
2 0.565713 0.570312 0.031812 0.028935
2 0.605077 0.643374 0.046915 0.033275
2 0.642031 0.643374 0.046915 0.028646
2 0.678985 0.636863 0.046915 0.037616
2 0.746626 0.655671 0.054306 0.039931
2 0.709672 0.667824 0.039524 0.037616
2 0.582905 0.931713 0.041774 0.037616
2 0.807037 0.747685 0.031812 0.024306
2 0.718348 0.704427 0.031812 0.030961
2 0.795951 0.574797 0.039203 0.046586
2 0.832905 0.601418 0.039203 0.046586
2 0.887050 0.540220 0.049165 0.026620
2 0.880784 0.561343 0.026992 0.037616
2 0.859897 0.630208 0.068766 0.024306
2 0.824389 0.663339 0.051735 0.024595
2 0.869859 0.688802 0.053985 0.057581
2 0.808323 0.532552 0.049165 0.033275
