2 0.447500 0.439678 0.050000 0.048257
2 0.395000 0.439678 0.045000 0.042895
2 0.542500 0.152815 0.060000 0.053619
2 0.532500 0.087131 0.045000 0.029491
2 0.573750 0.085791 0.047500 0.058981
2 0.597500 0.037534 0.055000 0.021448
2 0.613750 0.095174 0.017500 0.040214
2 0.643750 0.080429 0.022500 0.016086
2 0.651250 0.108579 0.032500 0.034853
2 0.646250 0.040214 0.037500 0.032172
2 0.676250 0.025469 0.057500 0.040214
2 0.741250 0.182306 0.047500 0.064343
2 0.408750 0.639410 0.027500 0.029491
2 0.406250 0.668901 0.052500 0.040214
2 0.438750 0.711796 0.032500 0.050938
2 0.502500 0.679625 0.045000 0.067024
2 0.545000 0.686327 0.040000 0.021448
2 0.555000 0.718499 0.035000 0.042895
2 0.608750 0.705094 0.047500 0.069705
2 0.658750 0.652815 0.052500 0.034853
2 0.710000 0.715818 0.060000 0.069705
2 0.693750 0.166220 0.047500 0.053619
2 0.700000 0.101877 0.060000 0.058981
