2 0.742944 0.638075 0.042339 0.033473
2 0.722782 0.660042 0.042339 0.048117
2 0.729839 0.593096 0.044355 0.043933
2 0.679435 0.555439 0.044355 0.064854
2 0.625000 0.645397 0.044355 0.043933
2 0.556452 0.689331 0.048387 0.064854
2 0.555444 0.619247 0.050403 0.062762
2 0.351815 0.644351 0.054435 0.058577
2 0.419355 0.656904 0.048387 0.058577
2 0.458669 0.740586 0.046371 0.037657
2 0.398185 0.566946 0.046371 0.037657
2 0.386089 0.490586 0.054435 0.081590
2 0.426411 0.415272 0.078629 0.048117
2 0.518145 0.453975 0.048387 0.054393
2 0.578629 0.456067 0.048387 0.041841
2 0.623992 0.482218 0.034274 0.043933
2 0.789315 0.481172 0.034274 0.046025
2 0.773185 0.408996 0.050403 0.043933
2 0.836694 0.446653 0.048387 0.056485
2 0.876008 0.364017 0.054435 0.058577
2 0.650202 0.275105 0.074597 0.052301
2 0.778226 0.299163 0.048387 0.050209
2 0.549395 0.331590 0.074597 0.077406
2 0.556452 0.191423 0.064516 0.056485
2 0.379032 0.169456 0.060484 0.041841
2 0.307460 0.130753 0.054435 0.048117
2 0.284274 0.175732 0.072581 0.054393
2 0.350806 0.109833 0.060484 0.035565
2 0.421371 0.238494 0.056452 0.041841
2 0.236895 0.224895 0.074597 0.060669
2 0.261089 0.353556 0.054435 0.037657
2 0.250000 0.394351 0.016129 0.018828
2 0.228831 0.367155 0.038306 0.056485
2 0.233871 0.509414 0.032258 0.073222
2 0.333669 0.512552 0.050403 0.071130
2 0.316532 0.324268 0.064516 0.062762
2 0.845766 0.187238 0.046371 0.048117
2 0.791331 0.223849 0.086694 0.075314
2 0.660282 0.686192 0.050403 0.041841
2 0.391129 0.364017 0.072581 0.079498
2 0.094758 0.367155 0.084677 0.073222
