1 0.250000 0.061413 0.062319 0.048913
1 0.332609 0.039674 0.085507 0.064130
1 0.265942 0.171196 0.059420 0.055435
1 0.542754 0.329348 0.073913 0.034783
1 0.428986 0.517935 0.095652 0.057609
1 0.368841 0.624457 0.079710 0.048913
1 0.234058 0.596196 0.047826 0.055435
1 0.286232 0.671196 0.068116 0.048913
1 0.125362 0.474457 0.073913 0.055435
1 0.333333 0.302717 0.144928 0.035870
1 0.278261 0.244022 0.057971 0.038043
1 0.109420 0.349457 0.053623 0.044565
1 0.194928 0.495652 0.076812 0.067391
1 0.504348 0.352717 0.055072 0.051087
1 0.541304 0.382065 0.042029 0.044565
1 0.394928 0.460326 0.073913 0.027174
1 0.494203 0.470109 0.052174 0.064130
1 0.538406 0.457065 0.024638 0.051087
1 0.522464 0.546196 0.068116 0.048913
1 0.474638 0.584239 0.039130 0.044565
1 0.376087 0.570109 0.088406 0.055435
1 0.492754 0.175543 0.055072 0.064130
1 0.551449 0.176630 0.039130 0.057609
1 0.564493 0.087500 0.065217 0.070652
1 0.457246 0.130978 0.056522 0.042391
1 0.389130 0.173913 0.021739 0.021739
1 0.364493 0.218478 0.088406 0.047826
1 0.454348 0.040761 0.108696 0.079348
1 0.248551 0.185326 0.024638 0.018478
1 0.193478 0.138587 0.073913 0.053261
1 0.562319 0.272283 0.101449 0.055435
1 0.223188 0.556522 0.063768 0.034783
1 0.300725 0.492391 0.044928 0.039130
1 0.378986 0.411957 0.053623 0.032609
1 0.292029 0.364130 0.059420 0.039130
1 0.403623 0.352717 0.056522 0.035870
1 0.464493 0.304348 0.053623 0.028261
1 0.463768 0.217935 0.057971 0.031522
1 0.276087 0.131522 0.053623 0.039130
1 0.321739 0.146739 0.049275 0.036957
1 0.373188 0.152717 0.039130 0.042391
1 0.119565 0.540761 0.062319 0.035870
1 0.275362 0.565217 0.057971 0.030435
1 0.285507 0.602717 0.063768 0.033696
1 0.426087 0.622826 0.052174 0.030435
1 0.434058 0.586957 0.050725 0.050000
1 0.587681 0.501630 0.053623 0.031522
1 0.609420 0.470652 0.050725 0.036957
1 0.589855 0.401630 0.060870 0.046739
1 0.406522 0.267391 0.050725 0.058696
1 0.438406 0.176087 0.042029 0.030435
1 0.020290 0.653261 0.040580 0.036957
