2 0.494216 0.615741 0.056555 0.039931
2 0.463528 0.650029 0.063946 0.059896
2 0.383515 0.743200 0.056877 0.037905
2 0.341581 0.716580 0.041774 0.037905
2 0.293541 0.709925 0.054306 0.051215
2 0.300932 0.664497 0.039524 0.044271
2 0.266549 0.651186 0.049165 0.052951
2 0.241967 0.674479 0.053985 0.050926
2 0.211118 0.619068 0.036632 0.028646
2 0.201317 0.591291 0.051735 0.044271
2 0.142192 0.539207 0.051735 0.051215
2 0.191517 0.466001 0.056555 0.055266
2 0.352667 0.662326 0.039524 0.039931
2 0.337886 0.132378 0.039524 0.035590
2 0.637050 0.321904 0.036954 0.046586
2 0.548522 0.195457 0.046915 0.033275
2 0.602667 0.177807 0.046594 0.051215
2 0.655527 0.248698 0.039203 0.046586
2 0.245501 0.556424 0.036632 0.037037
2 0.188143 0.670573 0.029884 0.024016
2 0.329852 0.785880 0.047879 0.037037
