1 0.943333 0.368333 0.077778 0.053333
1 0.954444 0.296667 0.082222 0.050000
1 0.866667 0.287500 0.071111 0.065000
1 0.518889 0.166667 0.068889 0.060000
1 0.496667 0.265833 0.077778 0.071667
1 0.406667 0.340833 0.062222 0.051667
1 0.358889 0.385833 0.073333 0.055000
1 0.611111 0.371667 0.106667 0.053333
1 0.502222 0.415000 0.053333 0.053333
1 0.620000 0.464167 0.080000 0.071667
1 0.850000 0.451667 0.068889 0.053333
1 0.682222 0.535000 0.080000 0.053333
1 0.513333 0.530833 0.066667 0.048333
1 0.584444 0.570833 0.080000 0.061667
1 0.452222 0.583333 0.077778 0.060000
1 0.243333 0.538333 0.068889 0.050000
1 0.311111 0.654167 0.106667 0.051667
1 0.895556 0.775833 0.124444 0.078333
1 0.381111 0.137500 0.082222 0.051667
1 0.396667 0.209167 0.064444 0.045000
1 0.652222 0.103333 0.055556 0.040000
1 0.741111 0.278333 0.073333 0.066667
1 0.583333 0.276667 0.068889 0.046667
1 0.492222 0.337500 0.073333 0.048333
1 0.397778 0.510833 0.075556 0.038333
1 0.367778 0.565000 0.051111 0.073333
1 0.807778 0.520000 0.082222 0.053333
1 0.721111 0.453333 0.077778 0.053333
1 0.854444 0.615833 0.077778 0.095000
1 0.921111 0.565000 0.086667 0.076667
1 0.700000 0.615000 0.097778 0.070000
1 0.595556 0.621667 0.057778 0.040000
1 0.580000 0.655000 0.097778 0.076667
1 0.631111 0.712500 0.093333 0.071667
1 0.495556 0.660000 0.062222 0.053333
1 0.425556 0.736667 0.077778 0.053333
1 0.640000 0.820000 0.115556 0.070000
1 0.328889 0.300000 0.057778 0.036667
1 0.321111 0.268333 0.073333 0.036667
1 0.903333 0.194167 0.055556 0.038333
1 0.865556 0.229167 0.077778 0.051667
1 0.334444 0.491667 0.046667 0.053333
1 0.688889 0.144167 0.062222 0.031667
1 0.917778 0.021667 0.088889 0.043333
1 0.828889 0.375000 0.048889 0.050000
1 0.753333 0.353333 0.075556 0.056667
1 0.971111 0.465833 0.053333 0.048333
1 0.633333 0.304167 0.053333 0.038333
1 0.572222 0.340000 0.055556 0.040000
1 0.547778 0.225000 0.064444 0.040000
1 0.572222 0.135833 0.051111 0.035000
1 0.317778 0.352500 0.062222 0.048333
1 0.507778 0.737500 0.051111 0.035000
1 0.558889 0.762500 0.064444 0.048333
1 0.282222 0.742500 0.048889 0.045000
1 0.716667 0.700833 0.055556 0.041667
1 0.955556 0.683333 0.057778 0.046667
1 0.746667 0.748333 0.088889 0.056667
1 0.783333 0.173333 0.077778 0.053333
1 0.847778 0.743333 0.108889 0.046667
1 0.517778 0.814167 0.097778 0.085000
