2 0.362480 0.296722 0.025448 0.056066
2 0.290513 0.374540 0.037052 0.058517
2 0.272700 0.412684 0.028705 0.053309
2 0.339577 0.483915 0.043974 0.058517
2 0.366653 0.621477 0.037052 0.053615
2 0.264353 0.628983 0.028705 0.048407
2 0.384467 0.830270 0.038884 0.053309
2 0.431800 0.797181 0.025244 0.028186
2 0.485953 0.817555 0.042345 0.038297
2 0.497761 0.751225 0.021987 0.048407
2 0.516388 0.699142 0.031963 0.045956
2 0.462235 0.901654 0.035627 0.063725
2 0.491042 0.911765 0.032166 0.053309
2 0.526568 0.891391 0.038884 0.038297
2 0.365737 0.221661 0.049064 0.053615
2 0.402993 0.202512 0.035627 0.081495
2 0.287052 0.104626 0.033795 0.043199
2 0.311686 0.202512 0.028909 0.061275
2 0.453787 0.158088 0.028909 0.048407
2 0.299878 0.342218 0.026059 0.031863
2 0.340187 0.704350 0.028502 0.037990
