2 0.823864 0.221465 0.056818 0.027257
2 0.907955 0.233390 0.034091 0.027257
2 0.906818 0.258944 0.031818 0.023850
2 0.832955 0.318569 0.047727 0.034072
2 0.789773 0.140545 0.052273 0.035775
2 0.848864 0.086031 0.047727 0.042589
2 0.480682 0.590290 0.038636 0.025554
2 0.446591 0.597104 0.029545 0.025554
2 0.484091 0.628620 0.027273 0.040886
2 0.550000 0.684838 0.036364 0.023850
2 0.518182 0.695060 0.031818 0.030664
2 0.495455 0.674617 0.027273 0.027257
2 0.442045 0.665247 0.034091 0.028961
2 0.430682 0.701022 0.047727 0.028961
2 0.493182 0.727428 0.050000 0.023850
2 0.420455 0.759796 0.027273 0.037479
2 0.585227 0.815162 0.043182 0.035775
2 0.517045 0.810903 0.047727 0.034072
2 0.569318 0.844974 0.056818 0.037479
2 0.393182 0.605622 0.040909 0.035775
2 0.356818 0.603918 0.031818 0.035775
2 0.314773 0.580068 0.043182 0.035775
2 0.343182 0.629472 0.022727 0.028961
2 0.404545 0.636286 0.040909 0.018739
2 0.401136 0.653322 0.056818 0.028961
2 0.361364 0.669506 0.040909 0.037479
2 0.663636 0.498296 0.031818 0.032368
2 0.472727 0.527257 0.040909 0.028961
2 0.451136 0.554514 0.038636 0.022147
2 0.517045 0.625213 0.029545 0.020443
2 0.523864 0.651618 0.038636 0.025554
2 0.680682 0.692504 0.047727 0.039182
