2 0.387211 0.562500 0.044344 0.026620
2 0.381105 0.529225 0.032134 0.017940
2 0.379820 0.462674 0.019923 0.017940
2 0.353952 0.481481 0.036954 0.015625
2 0.350257 0.509259 0.044344 0.031250
2 0.285026 0.355179 0.041774 0.019965
2 0.283740 0.305266 0.039203 0.026620
2 0.289846 0.329572 0.026992 0.026620
2 0.667898 0.694444 0.029242 0.037616
2 0.705977 0.682147 0.061697 0.048900
2 0.693605 0.744358 0.051735 0.044271
2 0.802217 0.705440 0.051735 0.037616
2 0.585476 0.707755 0.032134 0.024306
2 0.566999 0.748843 0.039524 0.039931
2 0.528760 0.764178 0.051735 0.026620
2 0.601382 0.795284 0.024743 0.035590
2 0.544666 0.801939 0.044344 0.030961
2 0.508997 0.802083 0.032134 0.026620
2 0.464653 0.797454 0.032134 0.039931
2 0.566999 0.835214 0.049165 0.022280
2 0.562018 0.854022 0.049486 0.019965
2 0.554627 0.968171 0.049486 0.026620
2 0.529884 0.941696 0.044344 0.030961
2 0.515263 0.913918 0.039524 0.028646
2 0.473329 0.963831 0.029563 0.035301
2 0.644602 0.943866 0.041774 0.039931
2 0.592866 0.940538 0.041774 0.028646
2 0.810733 0.836372 0.024422 0.033275
