3 0.808162 0.516927 0.029563 0.033275
3 0.808323 0.555845 0.039524 0.044560
3 0.768798 0.598090 0.039524 0.053241
3 0.719634 0.625723 0.034383 0.037905
3 0.622429 0.642216 0.046915 0.044271
3 0.545951 0.709925 0.012211 0.037905
3 0.633515 0.734375 0.054306 0.037616
3 0.660508 0.778646 0.049165 0.042245
3 0.715778 0.715567 0.022172 0.039931
3 0.867288 0.729890 0.044344 0.046586
3 0.745341 0.839699 0.036954 0.048611
3 0.667898 0.823061 0.014460 0.024595
3 0.632230 0.830874 0.036954 0.035590
3 0.637211 0.872830 0.032134 0.044271
