1 0.399267 0.356655 0.073260 0.051195
1 0.697802 0.300341 0.047619 0.040956
1 0.673993 0.348123 0.058608 0.054608
1 0.547619 0.479522 0.054945 0.058020
1 0.285714 0.416382 0.065934 0.040956
1 0.087912 0.414676 0.073260 0.051195
1 0.829670 0.723549 0.062271 0.061433
1 0.056777 0.655290 0.025641 0.027304
1 0.500000 0.240614 0.062271 0.058020
1 0.553114 0.296928 0.051282 0.047782
1 0.606227 0.247440 0.040293 0.044369
1 0.624542 0.186007 0.047619 0.037543
1 0.650183 0.201365 0.032967 0.047782
1 0.739927 0.336177 0.029304 0.044369
1 0.787546 0.327645 0.058608 0.047782
1 0.772894 0.404437 0.073260 0.051195
1 0.694139 0.424915 0.047619 0.030717
1 0.672161 0.460751 0.069597 0.047782
1 0.732601 0.472696 0.065934 0.051195
1 0.787546 0.539249 0.043956 0.047782
1 0.705128 0.544369 0.040293 0.030717
1 0.673993 0.522184 0.029304 0.027304
1 0.637363 0.510239 0.043956 0.023891
1 0.598901 0.554608 0.047619 0.037543
1 0.461538 0.482935 0.029304 0.030717
1 0.518315 0.583618 0.040293 0.034130
1 0.296703 0.273038 0.036630 0.034130
1 0.346154 0.481229 0.040293 0.040956
1 0.386447 0.493174 0.040293 0.044369
1 0.408425 0.558020 0.040293 0.030717
1 0.445055 0.614334 0.040293 0.034130
1 0.446886 0.648464 0.029304 0.034130
1 0.593407 0.641638 0.051282 0.040956
1 0.554945 0.680887 0.047619 0.037543
1 0.554945 0.716724 0.032967 0.047782
1 0.584249 0.697952 0.018315 0.030717
1 0.657509 0.745734 0.032967 0.030717
1 0.714286 0.665529 0.029304 0.027304
1 0.699634 0.740614 0.029304 0.027304
1 0.754579 0.740614 0.043956 0.047782
1 0.510989 0.708191 0.047619 0.058020
1 0.532967 0.636519 0.047619 0.037543
1 0.474359 0.791809 0.047619 0.040956
1 0.569597 0.829352 0.054945 0.054608
1 0.505495 0.885666 0.058608 0.071672
1 0.377289 0.882253 0.058608 0.058020
1 0.252747 0.791809 0.051282 0.068259
1 0.252747 0.558020 0.043956 0.044369
1 0.181319 0.438567 0.032967 0.037543
1 0.181319 0.500000 0.047619 0.044369
1 0.071429 0.600683 0.047619 0.034130
1 0.159341 0.713311 0.047619 0.047782
