2 0.493091 0.642361 0.034383 0.035301
2 0.552217 0.636719 0.039524 0.046586
2 0.589171 0.633536 0.063946 0.044271
2 0.605238 0.669994 0.066517 0.046586
2 0.542256 0.684462 0.034383 0.035590
2 0.545951 0.704282 0.046915 0.039931
2 0.571979 0.739873 0.044344 0.039931
2 0.590456 0.756510 0.036954 0.033275
2 0.619859 0.797454 0.026992 0.039931
2 0.659222 0.799769 0.051735 0.048611
2 0.635925 0.848524 0.049486 0.039641
2 0.443766 0.882812 0.059126 0.028935
2 0.504177 0.883970 0.061697 0.044560
2 0.723329 0.656684 0.032134 0.028646
2 0.752892 0.621238 0.046915 0.037616
2 0.749197 0.662326 0.049165 0.035301
2 0.656812 0.673322 0.056555 0.048611
2 0.690071 0.606916 0.054306 0.030961
2 0.695051 0.566985 0.044344 0.044271
2 0.760122 0.554688 0.066517 0.055556
2 0.649582 0.635127 0.042095 0.032986
