2 0.320694 0.357350 0.064267 0.050926
2 0.235701 0.432726 0.061375 0.041956
2 0.161954 0.437211 0.071337 0.032986
2 0.166934 0.466001 0.051735 0.024595
2 0.181555 0.499277 0.056555 0.041956
2 0.151992 0.676649 0.046915 0.041956
2 0.205013 0.696615 0.044344 0.028646
2 0.239396 0.757668 0.053985 0.044271
2 0.323104 0.780961 0.024743 0.042245
2 0.410668 0.776476 0.046915 0.024595
2 0.428985 0.805411 0.044344 0.033275
2 0.455013 0.862992 0.041774 0.041956
2 0.516388 0.936198 0.041774 0.033275
2 0.365039 0.936053 0.053985 0.042245
2 0.602667 0.317564 0.022172 0.033275
2 0.562018 0.294271 0.034704 0.039931
2 0.250482 0.632234 0.051735 0.037616
2 0.363914 0.744358 0.036954 0.030961
2 0.337564 0.829282 0.034383 0.030093
2 0.235540 0.662182 0.047558 0.040799
2 0.287757 0.430556 0.040810 0.032986
