1 0.758594 0.365768 0.045312 0.023447
1 0.771875 0.337046 0.034375 0.033998
1 0.825000 0.349355 0.040625 0.035170
1 0.875781 0.320633 0.023438 0.031653
1 0.819531 0.277257 0.029687 0.019930
1 0.866406 0.286049 0.023438 0.028136
1 0.915625 0.267878 0.056250 0.015240
1 0.940625 0.256155 0.046875 0.026964
1 0.735938 0.416764 0.059375 0.029308
1 0.780469 0.407972 0.035937 0.023447
1 0.627344 0.464244 0.035937 0.035170
1 0.610938 0.451934 0.050000 0.024619
1 0.594531 0.479484 0.035937 0.039859
1 0.607812 0.511137 0.050000 0.025791
1 0.597656 0.552169 0.042188 0.037515
1 0.668750 0.527550 0.053125 0.028136
1 0.635938 0.543376 0.028125 0.029308
1 0.687500 0.565651 0.043750 0.029308
1 0.629687 0.568581 0.046875 0.030481
1 0.657031 0.589097 0.023438 0.022274
1 0.692187 0.596131 0.040625 0.029308
1 0.650000 0.643025 0.053125 0.050410
1 0.728906 0.620164 0.032813 0.044549
1 0.752344 0.612544 0.020313 0.022274
1 0.788281 0.645955 0.060937 0.035170
1 0.773438 0.674091 0.068750 0.046893
1 0.854688 0.689332 0.053125 0.037515
1 0.872656 0.614302 0.029687 0.032825
1 0.889844 0.596717 0.023438 0.037515
1 0.786719 0.593200 0.035937 0.030481
1 0.825000 0.582649 0.034375 0.037515
1 0.863281 0.553341 0.017188 0.035170
1 0.909375 0.560961 0.021875 0.029308
1 0.894531 0.538687 0.045312 0.055100
1 0.832031 0.543376 0.039062 0.033998
1 0.771875 0.550996 0.053125 0.039859
1 0.726562 0.560375 0.050000 0.039859
1 0.730469 0.521102 0.035937 0.024619
1 0.781250 0.512309 0.046875 0.046893
1 0.760156 0.483587 0.029687 0.029308
1 0.728906 0.467761 0.032813 0.023447
1 0.788281 0.453693 0.039062 0.035170
1 0.829688 0.444314 0.037500 0.044549
1 0.874219 0.450176 0.032813 0.032825
1 0.808594 0.484760 0.026562 0.022274
1 0.838281 0.507034 0.020313 0.022274
1 0.851562 0.473036 0.028125 0.019930
1 0.596875 0.585580 0.031250 0.026964
1 0.723437 0.497655 0.021875 0.015240
1 0.830469 0.402696 0.026562 0.019930
1 0.867969 0.430246 0.020313 0.018757
1 0.654687 0.429660 0.021875 0.015240
1 0.663281 0.449590 0.032813 0.019930
1 0.869531 0.349941 0.026562 0.015240
1 0.824219 0.621336 0.029687 0.014068
1 0.902344 0.704572 0.026562 0.018757
1 0.647656 0.607855 0.032813 0.022274
1 0.882812 0.477726 0.028125 0.019930
1 0.892969 0.504689 0.026562 0.017585
1 0.842187 0.639508 0.025000 0.015240
1 0.686719 0.502345 0.032813 0.017585
1 0.710156 0.449004 0.026562 0.021102
