2 0.195212 0.168981 0.039524 0.037616
2 0.315874 0.070168 0.029563 0.035590
2 0.462243 0.099103 0.051735 0.030961
2 0.400707 0.246528 0.041774 0.042245
2 0.188946 0.279803 0.056555 0.042245
2 0.147172 0.334201 0.017352 0.013310
2 0.112629 0.356337 0.042095 0.057581
2 0.078085 0.267506 0.041774 0.044271
2 0.085476 0.416088 0.041774 0.039931
2 0.103952 0.494792 0.039524 0.028935
2 0.091742 0.535880 0.034383 0.026620
2 0.196337 0.456019 0.056555 0.039931
2 0.334351 0.697627 0.051735 0.026620
2 0.243091 0.719907 0.046594 0.031250
2 0.267674 0.763166 0.041774 0.046586
2 0.164364 0.669994 0.022172 0.037905
2 0.213689 0.632378 0.026992 0.041956
2 0.205013 0.586950 0.044344 0.044271
2 0.169344 0.583478 0.046915 0.033275
2 0.102667 0.576823 0.036954 0.033275
2 0.125000 0.591291 0.041774 0.048900
2 0.147012 0.609086 0.036954 0.044560
2 0.433965 0.839699 0.029242 0.039931
2 0.469634 0.827546 0.036954 0.042245
2 0.506587 0.855179 0.031812 0.039641
2 0.521369 0.345197 0.031812 0.048611
2 0.574389 0.353009 0.024743 0.050926
2 0.554627 0.310909 0.024422 0.033275
2 0.408098 0.585793 0.026992 0.046586
2 0.553342 0.644531 0.046915 0.030961
2 0.422879 0.111256 0.041774 0.055266
