2 0.338046 0.518229 0.029563 0.039931
2 0.281170 0.520399 0.029563 0.035590
2 0.757873 0.686632 0.051735 0.039931
2 0.705977 0.757668 0.086118 0.062211
2 0.760283 0.735388 0.046915 0.035590
2 0.740521 0.634549 0.051735 0.064236
2 0.776350 0.604601 0.059126 0.057581
2 0.807037 0.621383 0.046594 0.046586
2 0.857487 0.614583 0.069087 0.050926
2 0.460958 0.880642 0.019602 0.028646
2 0.852667 0.501447 0.039524 0.028935
2 0.871144 0.457176 0.056555 0.042245
2 0.855077 0.310764 0.059126 0.064236
2 0.704852 0.244358 0.054306 0.059896
2 0.754177 0.266493 0.059126 0.068866
2 0.756427 0.021557 0.029563 0.035590
2 0.736825 0.062500 0.053985 0.064236
2 0.758997 0.151186 0.034704 0.046586
2 0.700996 0.163339 0.036954 0.035590
2 0.538721 0.661169 0.036954 0.028935
2 0.495501 0.558015 0.029563 0.022280
2 0.601542 0.859664 0.044344 0.026620
2 0.549647 0.918403 0.039524 0.042245
2 0.626125 0.926071 0.039524 0.057581
