2 0.356362 0.471644 0.041774 0.039931
2 0.340456 0.387297 0.039524 0.044271
2 0.320694 0.310764 0.044344 0.055556
2 0.691356 0.616753 0.066517 0.046586
2 0.469634 0.662326 0.051735 0.039931
2 0.563143 0.699942 0.036954 0.039931
2 0.552217 0.734375 0.054306 0.042245
2 0.617449 0.680990 0.046594 0.059896
2 0.756587 0.698929 0.049165 0.046586
2 0.707262 0.714410 0.034704 0.028935
2 0.756427 0.734230 0.044344 0.033275
2 0.608772 0.747541 0.049165 0.033275
2 0.613753 0.784288 0.034704 0.044271
2 0.625964 0.817564 0.044344 0.044271
2 0.683805 0.831887 0.056555 0.037616
2 0.669184 0.774306 0.051735 0.042245
2 0.671594 0.732060 0.051414 0.050926
2 0.497911 0.967159 0.039524 0.037905
2 0.825514 0.649016 0.073907 0.079861
2 0.639621 0.769387 0.042095 0.034144
2 0.706620 0.769387 0.045630 0.035880
