2 0.670332 0.458623 0.025463 0.027778
2 0.673708 0.492766 0.015239 0.045718
2 0.633102 0.458623 0.025463 0.027778
2 0.606964 0.468750 0.020255 0.032986
2 0.586613 0.482784 0.023534 0.030382
2 0.587481 0.505498 0.011767 0.025463
2 0.595968 0.521991 0.018711 0.032986
2 0.606096 0.561487 0.011960 0.035590
2 0.603492 0.600694 0.037230 0.027778
2 0.575617 0.603299 0.021991 0.038194
2 0.555363 0.637587 0.018519 0.030382
2 0.659336 0.558883 0.013503 0.030382
2 0.626350 0.546152 0.018519 0.030382
2 0.628086 0.572772 0.025463 0.048322
2 0.625579 0.494068 0.013503 0.017650
2 0.640818 0.513166 0.027006 0.030382
2 0.560378 0.701534 0.011188 0.021701
2 0.624711 0.617911 0.014468 0.025174
2 0.584491 0.658854 0.022377 0.037616
2 0.669657 0.531684 0.016011 0.021701
2 0.610629 0.509983 0.015239 0.026331
