2 0.773779 0.341869 0.034704 0.041956
2 0.808162 0.349682 0.059126 0.062211
2 0.845276 0.375145 0.054306 0.051215
2 0.884479 0.403935 0.034383 0.042245
2 0.842866 0.446036 0.044344 0.046586
2 0.867449 0.481626 0.024743 0.046586
2 0.930109 0.510417 0.036954 0.068866
2 0.868573 0.529225 0.046915 0.048611
2 0.853952 0.722078 0.066517 0.044271
2 0.895726 0.755353 0.036954 0.044271
2 0.720758 0.775318 0.056555 0.030961
2 0.683805 0.722222 0.056555 0.053241
2 0.680270 0.316406 0.039203 0.048900
2 0.927699 0.591435 0.061697 0.066551
2 0.522654 0.763021 0.040810 0.028935
2 0.584030 0.946470 0.037596 0.024884
2 0.565874 0.969473 0.038560 0.030961
2 0.653278 0.776331 0.027635 0.030093
2 0.877892 0.633247 0.039846 0.039062
2 0.529402 0.966435 0.029884 0.032986
2 0.808483 0.783854 0.047558 0.038773
