2 0.835052 0.378378 0.061856 0.061776
2 0.778351 0.301158 0.061856 0.038610
2 0.752577 0.361004 0.092784 0.065637
2 0.677835 0.349421 0.046392 0.050193
2 0.613402 0.366795 0.051546 0.030888
2 0.621134 0.424710 0.046392 0.030888
2 0.579897 0.409266 0.036082 0.030888
2 0.585052 0.457529 0.046392 0.027027
2 0.595361 0.498069 0.056701 0.046332
2 0.528351 0.469112 0.046392 0.034749
2 0.780928 0.528958 0.067010 0.030888
2 0.773196 0.573359 0.061856 0.042471
2 0.690722 0.513514 0.030928 0.030888
2 0.641753 0.530888 0.046392 0.034749
2 0.675258 0.561776 0.030928 0.019305
2 0.664948 0.590734 0.051546 0.054054
2 0.574742 0.598456 0.056701 0.038610
2 0.533505 0.633205 0.056701 0.030888
2 0.541237 0.658301 0.041237 0.042471
2 0.615979 0.617761 0.046392 0.030888
2 0.688144 0.664093 0.067010 0.023166
2 0.708763 0.694981 0.046392 0.038610
2 0.757732 0.685328 0.061856 0.057915
2 0.806701 0.696911 0.056701 0.034749
2 0.721649 0.747104 0.041237 0.034749
2 0.664948 0.731660 0.041237 0.027027
2 0.510309 0.743243 0.061856 0.050193
2 0.489691 0.702703 0.051546 0.038610
2 0.628866 0.760618 0.030928 0.046332
2 0.675258 0.781853 0.041237 0.057915
2 0.711340 0.801158 0.061856 0.057915
2 0.775773 0.776062 0.046392 0.054054
