2 0.553342 0.398438 0.026992 0.035301
2 0.168059 0.456019 0.044344 0.035301
2 0.101542 0.458189 0.034704 0.057581
2 0.117609 0.399595 0.046915 0.028935
2 0.147012 0.425058 0.036954 0.035301
2 0.347686 0.285301 0.029563 0.026620
2 0.276350 0.585793 0.029563 0.037905
2 0.148297 0.609086 0.034383 0.035301
2 0.212404 0.624711 0.029563 0.026620
2 0.143477 0.639034 0.024743 0.019965
2 0.140906 0.693287 0.039524 0.031250
2 0.212243 0.718750 0.034383 0.037616
2 0.344152 0.915075 0.046915 0.035590
2 0.310893 0.790943 0.034383 0.030961
2 0.288560 0.732060 0.029563 0.042245
2 0.442641 0.878472 0.051735 0.037616
2 0.397012 0.206597 0.034383 0.028935
2 0.408098 0.237703 0.041774 0.041956
2 0.553503 0.243200 0.036954 0.035590
2 0.232005 0.656829 0.029563 0.037616
2 0.376125 0.766493 0.036954 0.017940
2 0.353952 0.746528 0.036954 0.017940
2 0.331780 0.714410 0.022172 0.028935
2 0.469634 0.938368 0.031812 0.037616
