2 0.370827 0.562806 0.025448 0.033088
2 0.335301 0.615043 0.032166 0.035846
2 0.375102 0.607537 0.033998 0.050858
2 0.363294 0.657016 0.037256 0.027880
2 0.379377 0.683824 0.025448 0.050858
2 0.425896 0.576900 0.023616 0.020221
2 0.445236 0.608762 0.021987 0.028186
2 0.456331 0.687653 0.033998 0.027880
2 0.400448 0.737286 0.040717 0.056066
2 0.458876 0.864737 0.039088 0.056066
2 0.486767 0.829044 0.033795 0.050858
2 0.398819 0.289216 0.023616 0.050858
2 0.601893 0.136336 0.016897 0.045956
2 0.593445 0.178462 0.033795 0.038297
2 0.575631 0.212776 0.028705 0.040748
2 0.540920 0.224265 0.030537 0.048407
2 0.592529 0.398591 0.028705 0.045956
2 0.496946 0.676164 0.050896 0.061275
2 0.408998 0.655790 0.013436 0.040748
2 0.430985 0.659620 0.030537 0.043505
2 0.410729 0.615043 0.037256 0.045650
2 0.316775 0.569240 0.045603 0.045956
