2 0.727024 0.217737 0.039524 0.041956
2 0.433965 0.249855 0.054306 0.017650
2 0.111343 0.510417 0.049165 0.037616
2 0.181716 0.523727 0.036954 0.037616
2 0.251607 0.612413 0.059126 0.046586
2 0.283740 0.652344 0.034704 0.033275
2 0.201317 0.674334 0.036954 0.033275
2 0.155688 0.665654 0.049165 0.041956
2 0.094152 0.679977 0.049486 0.031250
2 0.182841 0.764178 0.024422 0.026620
2 0.221080 0.752170 0.041774 0.033275
2 0.255463 0.820747 0.032134 0.019965
2 0.293541 0.816406 0.049165 0.041956
2 0.433965 0.801939 0.044023 0.017650
2 0.473329 0.767650 0.049486 0.024306
2 0.233290 0.853009 0.041774 0.035301
2 0.276350 0.854167 0.034704 0.037616
2 0.181555 0.880787 0.080977 0.064236
2 0.261568 0.933883 0.079049 0.064525
2 0.358933 0.297454 0.032134 0.068866
2 0.401992 0.279803 0.068766 0.064236
