2 0.399582 0.613426 0.054306 0.053241
2 0.378535 0.681134 0.041774 0.050926
2 0.353952 0.635706 0.051735 0.039931
2 0.323265 0.642216 0.014781 0.030961
2 0.275225 0.622396 0.051735 0.048611
2 0.256587 0.672164 0.054306 0.042245
2 0.229595 0.687789 0.034383 0.037616
2 0.198907 0.619068 0.041774 0.041956
2 0.141067 0.562500 0.044344 0.039931
2 0.117609 0.524740 0.041774 0.048900
2 0.140906 0.586950 0.069087 0.030961
2 0.127410 0.625723 0.061375 0.041956
2 0.180270 0.678819 0.059126 0.028935
2 0.166934 0.708767 0.051735 0.030961
2 0.197622 0.731047 0.044344 0.035590
2 0.208708 0.772135 0.036954 0.046586
2 0.248072 0.769821 0.041774 0.037905
2 0.261568 0.804109 0.053985 0.053241
2 0.305913 0.755353 0.019923 0.048900
2 0.342866 0.756510 0.064267 0.046586
2 0.335476 0.788773 0.039203 0.053241
2 0.390906 0.786458 0.027314 0.048611
2 0.410668 0.891638 0.056555 0.033275
2 0.334190 0.674479 0.026992 0.042245
2 0.299647 0.681134 0.036954 0.042245
2 0.328085 0.711082 0.044344 0.057581
2 0.276350 0.723235 0.049486 0.046586
2 0.473329 0.890625 0.029563 0.039931
2 0.525064 0.207755 0.024422 0.021991
2 0.491806 0.239873 0.042095 0.032986
2 0.462243 0.093461 0.051735 0.042245
