2 0.491898 0.527199 0.016975 0.038194
2 0.475791 0.524595 0.018711 0.043403
2 0.458816 0.511863 0.011767 0.027778
2 0.441165 0.467448 0.027006 0.030382
2 0.414062 0.491609 0.020255 0.027778
2 0.394579 0.506944 0.025270 0.032986
2 0.414834 0.512008 0.018711 0.022859
2 0.421586 0.525897 0.015239 0.025174
2 0.426698 0.537326 0.018519 0.027778
2 0.395448 0.536024 0.016975 0.025174
2 0.425829 0.576678 0.020255 0.025463
2 0.453704 0.613426 0.021991 0.022569
2 0.496914 0.657841 0.027006 0.025174
2 0.484279 0.679398 0.025270 0.032986
2 0.460552 0.671730 0.018711 0.017650
2 0.491898 0.711227 0.016975 0.025463
2 0.437789 0.343171 0.037230 0.050926
2 0.467400 0.633681 0.021991 0.027778
2 0.442226 0.511140 0.025656 0.031539
2 0.445891 0.665509 0.016782 0.024306
2 0.450617 0.685475 0.018519 0.027778
