1 0.892500 0.511875 0.065000 0.051250
1 0.798333 0.729375 0.083333 0.078750
1 0.705000 0.523750 0.050000 0.060000
1 0.655000 0.475625 0.073333 0.048750
1 0.630000 0.413125 0.066667 0.048750
1 0.534167 0.419375 0.091667 0.046250
1 0.545833 0.460625 0.098333 0.048750
1 0.544167 0.527500 0.111667 0.042500
1 0.548333 0.576875 0.126667 0.046250
1 0.437500 0.531875 0.041667 0.046250
1 0.714167 0.611250 0.061667 0.022500
1 0.885833 0.402500 0.045000 0.045000
1 0.900000 0.352500 0.050000 0.020000
1 0.817500 0.401250 0.061667 0.042500
1 0.773333 0.433125 0.066667 0.043750
1 0.740833 0.395625 0.061667 0.036250
1 0.883333 0.300625 0.056667 0.026250
1 0.873333 0.214375 0.056667 0.048750
1 0.890000 0.243750 0.046667 0.020000
1 0.750000 0.055625 0.073333 0.028750
1 0.675833 0.163125 0.051667 0.043750
1 0.647500 0.217500 0.065000 0.020000
1 0.674167 0.256250 0.058333 0.040000
1 0.658333 0.340000 0.073333 0.045000
1 0.577500 0.334375 0.065000 0.046250
1 0.760000 0.199375 0.070000 0.046250
1 0.935833 0.396250 0.038333 0.040000
1 0.745000 0.344375 0.083333 0.048750
1 0.792500 0.262500 0.041667 0.030000
1 0.975833 0.330000 0.045000 0.032500
1 0.840833 0.557500 0.035000 0.027500
1 0.795833 0.542500 0.055000 0.027500
1 0.841667 0.527500 0.050000 0.030000
1 0.926667 0.623125 0.050000 0.033750
1 0.903333 0.666875 0.056667 0.046250
1 0.814167 0.631250 0.075000 0.047500
1 0.843333 0.665000 0.063333 0.035000
1 0.587500 0.214375 0.048333 0.041250
1 0.710833 0.105625 0.055000 0.028750
1 0.793333 0.151250 0.063333 0.037500
1 0.470833 0.455000 0.041667 0.040000
1 0.699167 0.442500 0.041667 0.037500
1 0.851667 0.450625 0.053333 0.041250
1 0.832500 0.374375 0.055000 0.028750
1 0.832500 0.340625 0.055000 0.038750
1 0.621667 0.291875 0.040000 0.036250
1 0.737500 0.243750 0.051667 0.025000
1 0.823333 0.206875 0.043333 0.031250
1 0.827500 0.239375 0.045000 0.033750
1 0.626667 0.151250 0.050000 0.032500
1 0.760000 0.106250 0.053333 0.032500
1 0.685000 0.299375 0.066667 0.036250
1 0.540000 0.382500 0.050000 0.030000
1 0.695000 0.377500 0.050000 0.032500
1 0.665833 0.622500 0.041667 0.030000
1 0.680833 0.649375 0.035000 0.023750
1 0.934167 0.704375 0.041667 0.033750
