1 0.592969 0.145955 0.026562 0.064478
1 0.492188 0.191676 0.068750 0.048066
1 0.491406 0.147714 0.042188 0.049238
1 0.414062 0.160610 0.053125 0.044549
1 0.351562 0.305979 0.053125 0.037515
1 0.328906 0.278429 0.035937 0.031653
1 0.349219 0.245018 0.029687 0.035170
1 0.304688 0.165299 0.059375 0.030481
1 0.137500 0.189918 0.056250 0.044549
1 0.151562 0.146542 0.040625 0.037515
1 0.196875 0.126612 0.050000 0.046893
1 0.242969 0.095545 0.042188 0.029308
1 0.100000 0.109613 0.043750 0.036342
1 0.123438 0.069168 0.056250 0.037515
1 0.160938 0.050996 0.050000 0.041032
1 0.245312 0.405627 0.046875 0.032825
1 0.296094 0.407972 0.057813 0.042204
1 0.309375 0.470106 0.056250 0.042204
1 0.378906 0.429074 0.064062 0.039859
1 0.389062 0.463072 0.043750 0.037515
1 0.352344 0.501172 0.048438 0.029308
1 0.398438 0.527550 0.056250 0.032825
1 0.297656 0.518757 0.039062 0.029308
1 0.328125 0.555686 0.059375 0.039859
1 0.321094 0.023447 0.060937 0.035170
1 0.345313 0.074443 0.056250 0.048066
1 0.275000 0.058617 0.053125 0.044549
1 0.220312 0.050996 0.056250 0.045721
1 0.239063 0.150645 0.056250 0.029308
1 0.216406 0.207503 0.064062 0.030481
1 0.241406 0.277257 0.067187 0.050410
1 0.310937 0.211020 0.059375 0.042204
1 0.221094 0.317116 0.032813 0.029308
1 0.275000 0.357562 0.040625 0.039859
1 0.374219 0.388042 0.060937 0.042204
1 0.246094 0.545135 0.082812 0.046893
1 0.080469 0.604924 0.048438 0.037515
1 0.145313 0.633060 0.059375 0.044549
1 0.232813 0.634232 0.068750 0.028136
1 0.437500 0.406800 0.043750 0.037515
1 0.484375 0.437280 0.053125 0.032825
1 0.268750 0.439039 0.040625 0.024619
1 0.185938 0.580891 0.050000 0.033998
1 0.538281 0.120164 0.057813 0.033998
1 0.393750 0.237397 0.065625 0.038687
1 0.172656 0.337632 0.057813 0.032825
1 0.191406 0.088511 0.054688 0.031653
1 0.362500 0.127198 0.081250 0.033998
1 0.440625 0.198710 0.050000 0.036342
1 0.239063 0.364596 0.046875 0.037515
1 0.300781 0.249707 0.064062 0.035170
1 0.404687 0.340563 0.062500 0.041032
1 0.525000 0.254982 0.056250 0.033998
1 0.246875 0.593787 0.062500 0.033998
1 0.320312 0.446659 0.046875 0.032825
1 0.298438 0.322392 0.053125 0.035170
1 0.164844 0.504103 0.042188 0.042204
