2 0.511568 0.745370 0.012211 0.050926
2 0.426575 0.928385 0.044023 0.044271
2 0.488111 0.920573 0.029563 0.033275
2 0.565713 0.908275 0.042095 0.039931
2 0.602667 0.855179 0.036954 0.039641
2 0.657937 0.854022 0.049165 0.033275
2 0.638335 0.826389 0.054306 0.035301
2 0.671594 0.786458 0.056555 0.021991
2 0.707262 0.771991 0.039203 0.037616
2 0.703567 0.856337 0.027314 0.033275
2 0.739235 0.862992 0.054306 0.055266
2 0.862468 0.726562 0.019923 0.044560
2 0.892031 0.669994 0.053985 0.028646
2 0.892031 0.630064 0.059126 0.041956
2 0.787275 0.621383 0.056555 0.033275
2 0.860058 0.584780 0.034383 0.013310
2 0.830334 0.561487 0.044344 0.033275
2 0.863593 0.548177 0.036954 0.033275
2 0.888335 0.566985 0.031812 0.030961
2 0.936215 0.552517 0.034383 0.033275
2 0.893316 0.500289 0.056555 0.039931
