2 0.193927 0.639034 0.076157 0.068576
2 0.421594 0.709925 0.059126 0.041956
2 0.298522 0.807436 0.024422 0.019965
2 0.334351 0.779803 0.051735 0.066551
2 0.516388 0.854022 0.041774 0.055266
2 0.400707 0.548032 0.056555 0.042245
2 0.378695 0.595775 0.022172 0.017940
2 0.443766 0.634549 0.059126 0.050926
2 0.453567 0.824074 0.019602 0.013310
2 0.394602 0.809751 0.049486 0.055266
2 0.431555 0.789786 0.044344 0.041956
2 0.422879 0.900608 0.051414 0.064525
2 0.488111 0.865162 0.019923 0.024306
2 0.563303 0.835214 0.041774 0.048900
2 0.547237 0.913918 0.053985 0.046586
2 0.342866 0.576968 0.034704 0.028935
2 0.275546 0.679543 0.029884 0.028067
2 0.282294 0.567853 0.034383 0.029803
2 0.301093 0.642072 0.041131 0.032986
2 0.378053 0.777488 0.042095 0.039931
2 0.459994 0.942998 0.080013 0.034144
