1 0.530120 0.139556 0.110843 0.060998
1 0.475904 0.056377 0.060241 0.038817
1 0.538554 0.350277 0.084337 0.038817
1 0.598795 0.488909 0.060241 0.060998
1 0.434940 0.400185 0.079518 0.072089
1 0.313253 0.404806 0.077108 0.062847
1 0.254217 0.438078 0.103614 0.062847
1 0.344578 0.487061 0.067470 0.057301
1 0.432530 0.536969 0.069880 0.049908
1 0.798795 0.599815 0.089157 0.064695
1 0.860241 0.636784 0.057831 0.038817
1 0.878313 0.709797 0.045783 0.048059
1 0.696386 0.772643 0.110843 0.070240
1 0.577108 0.713494 0.045783 0.062847
1 0.307229 0.705176 0.060241 0.064695
1 0.144578 0.605360 0.053012 0.053604
1 0.143373 0.707948 0.103614 0.066543
1 0.390361 0.854898 0.081928 0.053604
1 0.645783 0.166359 0.057831 0.059150
1 0.587952 0.311460 0.096386 0.072089
1 0.771084 0.280037 0.096386 0.060998
1 0.487952 0.583179 0.103614 0.053604
1 0.627711 0.606285 0.089157 0.044362
1 0.684337 0.558226 0.053012 0.048059
1 0.725301 0.492606 0.057831 0.053604
1 0.461446 0.679298 0.098795 0.094270
1 0.324096 0.851201 0.040964 0.049908
1 0.262651 0.821627 0.009639 0.012939
1 0.212048 0.800370 0.062651 0.066543
1 0.279518 0.871534 0.057831 0.053604
1 0.750602 0.719963 0.074699 0.086876
1 0.774699 0.372458 0.031325 0.038817
1 0.960241 0.351201 0.050602 0.048059
1 0.769880 0.189464 0.040964 0.049908
1 0.543373 0.082255 0.065060 0.042514
1 0.437349 0.268022 0.050602 0.044362
1 0.242169 0.247689 0.036145 0.033272
1 0.234940 0.353050 0.050602 0.033272
1 0.226506 0.385397 0.057831 0.035120
1 0.096386 0.471349 0.062651 0.040665
1 0.097590 0.389094 0.045783 0.038817
1 0.159036 0.560998 0.053012 0.038817
1 0.061446 0.554529 0.065060 0.055453
1 0.296386 0.647874 0.048193 0.031423
1 0.286747 0.555453 0.038554 0.038817
1 0.209639 0.725508 0.048193 0.042514
1 0.244578 0.748614 0.050602 0.036969
1 0.895181 0.548059 0.045783 0.038817
1 0.810843 0.461183 0.045783 0.031423
1 0.557831 0.850277 0.036145 0.036969
1 0.577108 0.391867 0.045783 0.033272
1 0.301205 0.826248 0.072289 0.040665
1 0.679518 0.412200 0.057831 0.051756
1 0.345783 0.802218 0.060241 0.048059
1 0.236145 0.868762 0.043373 0.036969
1 0.608434 0.438078 0.045783 0.036969
1 0.554217 0.545287 0.053012 0.036969
1 0.506024 0.401109 0.048193 0.033272
1 0.432530 0.603512 0.060241 0.038817
1 0.533735 0.021257 0.050602 0.035120
1 0.085542 0.762477 0.060241 0.042514
