2 0.529927 0.361673 0.039088 0.053615
2 0.496132 0.263787 0.065961 0.066176
2 0.546824 0.310815 0.035423 0.058517
2 0.584996 0.287990 0.037256 0.048407
2 0.560362 0.240656 0.018526 0.040748
2 0.574715 0.208946 0.030537 0.043505
2 0.740635 0.115962 0.033795 0.045650
2 0.467325 0.524663 0.031963 0.063419
2 0.457146 0.444393 0.052321 0.060968
2 0.487581 0.572917 0.021987 0.033088
2 0.507940 0.686275 0.035423 0.050858
2 0.480863 0.638021 0.018730 0.045650
2 0.506209 0.599724 0.025448 0.040748
2 0.554560 0.597273 0.054153 0.045650
2 0.558734 0.631740 0.018526 0.033088
2 0.606067 0.667279 0.021987 0.053309
2 0.632227 0.639246 0.027077 0.063419
2 0.652586 0.616422 0.027077 0.048407
2 0.622150 0.249694 0.026873 0.043505
2 0.487581 0.345129 0.021987 0.045650
2 0.568811 0.812500 0.032166 0.063725
2 0.630599 0.751379 0.030334 0.043199
2 0.650855 0.702972 0.023616 0.038297
2 0.606067 0.897825 0.032166 0.056066
