2 0.394643 0.090667 0.039286 0.050667
2 0.329464 0.081333 0.044643 0.026667
2 0.322321 0.105333 0.058929 0.040000
2 0.327679 0.206000 0.066071 0.041333
2 0.266964 0.210000 0.051786 0.046667
2 0.343750 0.290667 0.080357 0.069333
2 0.488393 0.272667 0.058929 0.046667
2 0.389286 0.400000 0.053571 0.034667
2 0.358929 0.445333 0.067857 0.024000
2 0.331250 0.478000 0.044643 0.036000
2 0.259821 0.363333 0.058929 0.046667
2 0.220536 0.388667 0.083929 0.049333
2 0.212500 0.425333 0.071429 0.042667
2 0.191071 0.516667 0.071429 0.041333
2 0.300893 0.580667 0.051786 0.038667
2 0.343750 0.576000 0.044643 0.029333
2 0.370536 0.624000 0.037500 0.048000
2 0.417857 0.629333 0.050000 0.037333
2 0.488393 0.629333 0.076786 0.056000
2 0.497321 0.423333 0.058929 0.052000
2 0.449107 0.465333 0.030357 0.029333
2 0.411607 0.483333 0.062500 0.028000
2 0.465179 0.502000 0.044643 0.022667
2 0.397321 0.515333 0.055357 0.049333
2 0.281250 0.424667 0.044643 0.030667
2 0.233929 0.464667 0.050000 0.036000
2 0.280357 0.481333 0.053571 0.050667
2 0.204464 0.548667 0.051786 0.038667
2 0.255357 0.560667 0.050000 0.046667
