1 0.605000 0.025692 0.063333 0.051383
1 0.673333 0.231225 0.046667 0.075099
1 0.280000 0.063241 0.033333 0.079051
1 0.218333 0.055336 0.070000 0.094862
1 0.033333 0.071146 0.046667 0.063241
1 0.111667 0.181818 0.050000 0.055336
1 0.188333 0.250988 0.043333 0.059289
1 0.245000 0.225296 0.043333 0.071146
1 0.416667 0.187747 0.080000 0.059289
1 0.331667 0.090909 0.043333 0.063241
1 0.456667 0.270751 0.040000 0.059289
1 0.370000 0.290514 0.046667 0.051383
1 0.540000 0.288538 0.046667 0.079051
1 0.528333 0.432806 0.050000 0.090909
1 0.511667 0.573123 0.056667 0.079051
1 0.311667 0.577075 0.083333 0.094862
1 0.168333 0.500000 0.036667 0.051383
1 0.073333 0.503953 0.066667 0.059289
1 0.056667 0.581028 0.040000 0.055336
1 0.110000 0.667984 0.046667 0.079051
1 0.201667 0.699605 0.050000 0.071146
1 0.275000 0.679842 0.043333 0.047431
1 0.288333 0.733202 0.043333 0.059289
1 0.085000 0.800395 0.043333 0.059289
1 0.038333 0.695652 0.036667 0.055336
1 0.365000 0.703557 0.056667 0.079051
1 0.355000 0.778656 0.076667 0.094862
1 0.400000 0.824111 0.073333 0.067194
1 0.443333 0.770751 0.053333 0.055336
1 0.488333 0.756917 0.056667 0.067194
1 0.808333 0.697628 0.036667 0.059289
1 0.760000 0.652174 0.046667 0.071146
1 0.656667 0.685771 0.066667 0.059289
1 0.621667 0.743083 0.030000 0.039526
1 0.566667 0.733202 0.060000 0.067194
1 0.578333 0.646245 0.043333 0.075099
1 0.626667 0.820158 0.040000 0.067194
1 0.673333 0.808300 0.053333 0.083004
1 0.720000 0.938735 0.086667 0.083004
1 0.620000 0.517787 0.046667 0.047431
1 0.646667 0.450593 0.046667 0.055336
1 0.703333 0.440711 0.033333 0.035573
1 0.716667 0.513834 0.053333 0.063241
1 0.433333 0.428854 0.053333 0.075099
1 0.461667 0.571146 0.050000 0.067194
1 0.221667 0.416996 0.083333 0.090909
1 0.161667 0.588933 0.076667 0.071146
1 0.361667 0.361660 0.043333 0.067194
1 0.458333 0.343874 0.070000 0.063241
1 0.593333 0.316206 0.026667 0.071146
1 0.523333 0.357708 0.046667 0.059289
1 0.316667 0.203557 0.060000 0.075099
1 0.140000 0.276680 0.026667 0.063241
1 0.396667 0.037549 0.093333 0.067194
1 0.393333 0.120553 0.060000 0.059289
1 0.470000 0.150198 0.060000 0.055336
1 0.518333 0.185771 0.063333 0.055336
1 0.731667 0.227273 0.056667 0.059289
