1 0.502941 0.236486 0.111765 0.047297
1 0.538235 0.268581 0.076471 0.030405
1 0.602941 0.280405 0.076471 0.054054
1 0.600000 0.322635 0.094118 0.057432
1 0.467647 0.388514 0.088235 0.033784
1 0.608824 0.393581 0.111765 0.057432
1 0.755882 0.432432 0.076471 0.047297
1 0.620588 0.437500 0.088235 0.030405
1 0.500000 0.427365 0.082353 0.057432
1 0.438235 0.451014 0.088235 0.030405
1 0.558824 0.471284 0.082353 0.043919
1 0.626471 0.513514 0.088235 0.047297
1 0.264706 0.407095 0.094118 0.030405
1 0.185294 0.459459 0.100000 0.054054
1 0.276471 0.461149 0.082353 0.050676
1 0.273529 0.493243 0.088235 0.027027
1 0.211765 0.520270 0.105882 0.047297
1 0.385294 0.476351 0.076471 0.047297
1 0.382353 0.520270 0.058824 0.040541
1 0.341176 0.542230 0.094118 0.050676
1 0.379412 0.582770 0.100000 0.043919
1 0.311765 0.599662 0.047059 0.030405
1 0.167647 0.665541 0.076471 0.054054
1 0.232353 0.673986 0.076471 0.057432
1 0.294118 0.667230 0.070588 0.037162
1 0.394118 0.653716 0.082353 0.050676
1 0.447059 0.537162 0.058824 0.047297
1 0.552941 0.520270 0.058824 0.047297
1 0.414706 0.751689 0.135294 0.050676
1 0.197059 0.795608 0.135294 0.077703
1 0.720588 0.579392 0.076471 0.043919
1 0.755882 0.609797 0.111765 0.050676
1 0.597059 0.731419 0.123529 0.050676
1 0.547059 0.638514 0.105882 0.047297
1 0.252941 0.599662 0.129412 0.057432
1 0.750000 0.657095 0.123529 0.030405
1 0.747059 0.711149 0.117647 0.057432
1 0.111765 0.886824 0.070588 0.037162
1 0.114706 0.560811 0.076471 0.040541
1 0.447059 0.682432 0.070588 0.027027
1 0.320588 0.766892 0.064706 0.040541
1 0.291176 0.798986 0.100000 0.043919
1 0.344118 0.826014 0.088235 0.037162
1 0.244118 0.856419 0.076471 0.037162
1 0.644118 0.667230 0.064706 0.043919
1 0.617647 0.645270 0.070588 0.047297
1 0.458824 0.488176 0.082353 0.043919
1 0.697059 0.500000 0.064706 0.040541
1 0.582353 0.577703 0.070588 0.033784
1 0.517647 0.599662 0.082353 0.037162
1 0.523529 0.562500 0.070588 0.043919
1 0.779412 0.518581 0.064706 0.037162
1 0.785294 0.550676 0.076471 0.033784
1 0.108824 0.516892 0.076471 0.047297
1 0.132353 0.611486 0.100000 0.047297
1 0.205882 0.711149 0.070588 0.043919
