1 0.507246 0.457065 0.037681 0.042391
1 0.578261 0.305978 0.086957 0.038043
1 0.677536 0.270652 0.047826 0.023913
1 0.506522 0.212500 0.065217 0.042391
1 0.498551 0.619022 0.037681 0.046739
1 0.384783 0.645109 0.053623 0.016304
1 0.355072 0.610870 0.040580 0.030435
1 0.234058 0.183152 0.059420 0.035870
1 0.364493 0.126630 0.071014 0.046739
1 0.377536 0.088587 0.050725 0.020652
1 0.503623 0.244022 0.076812 0.029348
1 0.507246 0.272826 0.031884 0.028261
1 0.571014 0.219565 0.057971 0.019565
1 0.636957 0.332609 0.073913 0.036957
1 0.632609 0.376630 0.059420 0.051087
1 0.632609 0.417935 0.065217 0.035870
1 0.642029 0.451087 0.052174 0.034783
1 0.697826 0.459239 0.053623 0.029348
1 0.677536 0.485326 0.047826 0.033696
1 0.576812 0.477717 0.063768 0.040217
1 0.515217 0.510870 0.059420 0.017391
1 0.510145 0.535326 0.043478 0.035870
1 0.557971 0.534239 0.026087 0.025000
1 0.596377 0.541848 0.044928 0.031522
1 0.548551 0.565217 0.056522 0.028261
1 0.589130 0.573370 0.047826 0.031522
1 0.550000 0.588587 0.059420 0.040217
1 0.483333 0.563043 0.050725 0.028261
1 0.392029 0.525543 0.068116 0.033696
1 0.406522 0.577717 0.039130 0.027174
1 0.458696 0.573370 0.065217 0.044565
1 0.410870 0.606522 0.059420 0.034783
1 0.440580 0.655435 0.034783 0.030435
1 0.426087 0.703804 0.040580 0.048913
1 0.470290 0.689674 0.047826 0.042391
1 0.371739 0.714674 0.073913 0.044565
1 0.325362 0.694022 0.036232 0.046739
1 0.329710 0.749457 0.062319 0.042391
1 0.426087 0.203804 0.049275 0.027174
1 0.403623 0.243478 0.065217 0.030435
1 0.352174 0.271739 0.057971 0.030435
1 0.507246 0.088587 0.063768 0.031522
1 0.542754 0.382065 0.039130 0.027174
1 0.423913 0.447826 0.036232 0.034783
1 0.221014 0.667935 0.030435 0.020652
1 0.252899 0.764130 0.044928 0.034783
1 0.268841 0.704348 0.033333 0.028261
1 0.534783 0.673370 0.040580 0.035870
1 0.602899 0.607065 0.043478 0.031522
1 0.364493 0.578804 0.044928 0.033696
1 0.306522 0.593478 0.047826 0.032609
1 0.319565 0.622283 0.036232 0.029348
1 0.290580 0.641304 0.039130 0.030435
1 0.564493 0.251630 0.047826 0.031522
