1 0.801887 0.165152 0.052830 0.081818
1 0.582075 0.274242 0.039623 0.075758
1 0.580189 0.345455 0.039623 0.060606
1 0.595283 0.515152 0.054717 0.072727
1 0.638679 0.493939 0.039623 0.066667
1 0.699057 0.451515 0.058491 0.048485
1 0.521698 0.437879 0.035849 0.081818
1 0.490566 0.596970 0.045283 0.024242
1 0.530189 0.677273 0.056604 0.057576
1 0.535849 0.724242 0.045283 0.048485
1 0.552830 0.765152 0.037736 0.063636
1 0.524528 0.768182 0.030189 0.051515
1 0.628302 0.795455 0.030189 0.039394
1 0.661321 0.818182 0.039623 0.072727
1 0.645283 0.862121 0.030189 0.045455
1 0.659434 0.913636 0.047170 0.045455
1 0.585849 0.865152 0.032075 0.063636
1 0.546226 0.910606 0.043396 0.075758
1 0.750943 0.951515 0.041509 0.072727
1 0.867925 0.901515 0.045283 0.051515
1 0.800000 0.757576 0.060377 0.054545
1 0.481132 0.196970 0.033962 0.054545
1 0.427358 0.157576 0.039623 0.066667
1 0.371698 0.215152 0.033962 0.048485
1 0.403774 0.269697 0.033962 0.060606
1 0.367925 0.319697 0.049057 0.100000
1 0.254717 0.246970 0.037736 0.063636
1 0.304717 0.234848 0.043396 0.075758
1 0.313208 0.148485 0.064151 0.078788
1 0.216038 0.098485 0.050943 0.075758
1 0.175472 0.046970 0.052830 0.063636
1 0.494340 0.119697 0.045283 0.069697
1 0.698113 0.272727 0.049057 0.072727
1 0.653774 0.365152 0.058491 0.069697
1 0.630189 0.431818 0.007547 0.015152
1 0.696226 0.527273 0.041509 0.060606
1 0.702830 0.630303 0.043396 0.078788
1 0.737736 0.771212 0.041509 0.069697
1 0.602830 0.742424 0.032075 0.078788
1 0.549057 0.581818 0.071698 0.115152
1 0.495283 0.828788 0.028302 0.069697
1 0.380189 0.751515 0.039623 0.072727
1 0.357547 0.484848 0.028302 0.078788
1 0.444340 0.336364 0.035849 0.048485
1 0.079245 0.209091 0.075472 0.115152
1 0.332075 0.056061 0.056604 0.093939
1 0.450943 0.040909 0.056604 0.081818
1 0.530189 0.042424 0.086792 0.084848
1 0.662264 0.075758 0.045283 0.066667
1 0.659434 0.643939 0.039623 0.063636
1 0.699057 0.918182 0.039623 0.078788
1 0.652830 0.163636 0.052830 0.072727
1 0.759434 0.874242 0.047170 0.075758
1 0.235849 0.315152 0.037736 0.060606
1 0.320755 0.362121 0.045283 0.100000
