3 0.233290 0.406250 0.041774 0.037616
3 0.281330 0.367332 0.054306 0.035590
3 0.304627 0.398438 0.041774 0.035301
3 0.522654 0.239873 0.054306 0.055556
3 0.586600 0.264323 0.069087 0.046586
3 0.541131 0.157841 0.071337 0.041956
3 0.247911 0.634549 0.051735 0.024306
3 0.224614 0.676794 0.044344 0.064236
3 0.262853 0.672164 0.026992 0.037616
3 0.290006 0.654514 0.036954 0.032986
3 0.290006 0.714265 0.051735 0.033275
3 0.309608 0.756510 0.036954 0.051215
3 0.342866 0.689959 0.039203 0.033275
3 0.443766 0.672309 0.044344 0.046586
3 0.461118 0.726562 0.029563 0.035301
