1 0.644792 0.057263 0.035417 0.075419
1 0.766667 0.094972 0.041667 0.061453
1 0.819792 0.153631 0.035417 0.055866
1 0.545833 0.191341 0.033333 0.053073
1 0.627083 0.156425 0.050000 0.055866
1 0.497917 0.370112 0.045833 0.047486
1 0.625000 0.486034 0.029167 0.061453
1 0.667708 0.470670 0.035417 0.041899
1 0.870833 0.617318 0.050000 0.089385
1 0.806250 0.811453 0.037500 0.069832
1 0.387500 0.807263 0.058333 0.089385
1 0.673958 0.134078 0.052083 0.061453
1 0.595833 0.108939 0.041667 0.067039
1 0.611458 0.199721 0.052083 0.047486
1 0.657292 0.238827 0.047917 0.069832
1 0.609375 0.283520 0.043750 0.047486
1 0.552083 0.283520 0.029167 0.047486
1 0.766667 0.166201 0.045833 0.053073
1 0.778125 0.217877 0.039583 0.061453
1 0.825000 0.273743 0.054167 0.083799
1 0.697917 0.294693 0.054167 0.058659
1 0.630208 0.343575 0.047917 0.072626
1 0.577083 0.367318 0.041667 0.058659
1 0.718750 0.446927 0.045833 0.061453
1 0.734375 0.356145 0.035417 0.058659
1 0.771875 0.451117 0.031250 0.053073
1 0.783333 0.339385 0.050000 0.092179
1 0.886458 0.417598 0.047917 0.064246
1 0.948958 0.279330 0.047917 0.055866
1 0.932292 0.407821 0.035417 0.067039
1 0.932292 0.484637 0.035417 0.053073
1 0.791667 0.540503 0.050000 0.069832
1 0.722917 0.587989 0.045833 0.075419
1 0.772917 0.603352 0.037500 0.055866
1 0.703125 0.664804 0.027083 0.061453
1 0.767708 0.660615 0.035417 0.047486
1 0.762500 0.724860 0.041667 0.058659
1 0.596875 0.783520 0.060417 0.081006
1 0.541667 0.744413 0.033333 0.047486
1 0.501042 0.737430 0.035417 0.061453
1 0.689583 0.817039 0.050000 0.075419
1 0.567708 0.578212 0.081250 0.111732
1 0.726042 0.013966 0.035417 0.027933
1 0.839583 0.016760 0.033333 0.033520
1 0.897917 0.277933 0.029167 0.041899
1 0.540625 0.458101 0.056250 0.044693
1 0.650000 0.593575 0.033333 0.036313
1 0.670833 0.572626 0.033333 0.033520
1 0.469792 0.835196 0.031250 0.044693
1 0.829167 0.695531 0.037500 0.033520
1 0.909375 0.532123 0.035417 0.053073
1 0.541667 0.938547 0.075000 0.050279
1 0.622917 0.877095 0.045833 0.044693
1 0.475000 0.758380 0.045833 0.053073
1 0.620833 0.650838 0.033333 0.039106
1 0.559375 0.497207 0.039583 0.039106
1 0.526042 0.315642 0.035417 0.050279
1 0.853125 0.093575 0.031250 0.041899
1 0.933333 0.350559 0.037500 0.053073
1 0.960417 0.388268 0.037500 0.061453
1 0.657292 0.431564 0.047917 0.058659
1 0.701042 0.520950 0.052083 0.053073
1 0.808333 0.645251 0.050000 0.044693
1 0.510417 0.410615 0.045833 0.044693
