2 0.267674 0.431713 0.032134 0.026620
2 0.149582 0.430556 0.042095 0.042245
2 0.106523 0.499277 0.024743 0.037905
2 0.273940 0.390770 0.039524 0.033275
2 0.520084 0.237558 0.049165 0.050926
2 0.486825 0.281973 0.041774 0.037905
2 0.526189 0.332899 0.036954 0.033275
2 0.584190 0.194444 0.034704 0.035301
2 0.611183 0.213397 0.029563 0.033275
2 0.440071 0.749855 0.046594 0.037905
2 0.419344 0.775318 0.044344 0.035590
2 0.430270 0.860822 0.041774 0.037616
2 0.344152 0.860677 0.056555 0.046586
2 0.480720 0.964844 0.024422 0.046586
2 0.595276 0.936053 0.056877 0.050926
2 0.315713 0.809751 0.019602 0.041956
2 0.299647 0.733218 0.036954 0.026620
2 0.276350 0.763166 0.029563 0.037905
2 0.254177 0.823061 0.024422 0.019965
2 0.232005 0.723235 0.019923 0.037905
2 0.197622 0.735532 0.024422 0.039931
2 0.156973 0.736545 0.027314 0.046586
2 0.187661 0.699942 0.044344 0.031250
2 0.154563 0.668837 0.032134 0.030961
