3 0.506303 0.698438 0.058824 0.050000
3 0.368697 0.186719 0.035714 0.035937
3 0.341387 0.163281 0.065126 0.020313
3 0.306723 0.381250 0.050420 0.056250
3 0.297269 0.312500 0.035714 0.037500
3 0.673319 0.267188 0.027311 0.040625
3 0.616597 0.237500 0.048319 0.037500
3 0.668067 0.212500 0.037815 0.046875
3 0.622899 0.149219 0.044118 0.035937
3 0.857143 0.254688 0.046218 0.034375
3 0.780462 0.101562 0.090336 0.034375
3 0.430672 0.127344 0.092437 0.048438
3 0.761555 0.164844 0.065126 0.039062
3 0.692227 0.976562 0.069328 0.031250
3 0.655462 0.909375 0.063025 0.037500
3 0.537815 0.159375 0.092437 0.065625
3 0.835084 0.143750 0.086134 0.050000
