3 0.426735 0.683304 0.029563 0.033275
3 0.411793 0.723235 0.039524 0.037905
3 0.381105 0.688947 0.026992 0.026620
3 0.326799 0.705440 0.041774 0.024306
3 0.371305 0.736545 0.022172 0.024595
3 0.622269 0.857494 0.051735 0.030961
3 0.575514 0.867332 0.041774 0.028646
3 0.548522 0.900608 0.032134 0.024595
3 0.592866 0.942708 0.056555 0.028935
3 0.523940 0.962818 0.036954 0.046586
3 0.853952 0.926071 0.036954 0.035590
3 0.648297 0.195457 0.024743 0.033275
3 0.667898 0.234375 0.034383 0.031250
3 0.690071 0.186777 0.039524 0.033275
