3 0.565452 0.323529 0.059243 0.063725
3 0.666124 0.045956 0.030537 0.033088
3 0.626323 0.346354 0.028705 0.053615
3 0.713559 0.348958 0.033795 0.037990
3 0.420806 0.401195 0.050896 0.030331
3 0.449511 0.433058 0.043974 0.043199
3 0.504479 0.421569 0.042345 0.061275
3 0.395460 0.461091 0.047435 0.063725
3 0.451242 0.468597 0.037256 0.043199
3 0.450326 0.548866 0.032166 0.045650
3 0.487581 0.616422 0.065961 0.083946
3 0.437704 0.705423 0.057410 0.073836
3 0.550285 0.463542 0.045603 0.043505
3 0.546010 0.532322 0.067590 0.068934
3 0.583265 0.596048 0.050896 0.058517
3 0.627239 0.645680 0.043974 0.056066
3 0.667040 0.625306 0.035627 0.045956
3 0.683937 0.682598 0.062500 0.079044
3 0.305782 0.960172 0.043974 0.048407
3 0.478318 0.884957 0.064129 0.071385
