1 0.548438 0.259722 0.032292 0.060185
1 0.462240 0.199074 0.025521 0.048148
1 0.429948 0.179630 0.035937 0.057407
1 0.439063 0.136574 0.013542 0.036111
1 0.472396 0.151389 0.035417 0.060185
1 0.457031 0.331944 0.015104 0.017593
1 0.404427 0.275926 0.028646 0.038889
1 0.374219 0.417593 0.025521 0.044444
1 0.385937 0.465741 0.025000 0.044444
1 0.364844 0.487963 0.023438 0.048148
1 0.415365 0.465741 0.033854 0.038889
1 0.402865 0.503241 0.028646 0.036111
1 0.432552 0.536574 0.017188 0.065741
1 0.468229 0.551389 0.040625 0.060185
1 0.400260 0.572685 0.044271 0.030556
1 0.354427 0.560648 0.033854 0.041667
1 0.358854 0.531944 0.025000 0.039815
1 0.333594 0.522685 0.028646 0.050926
1 0.323437 0.598148 0.035417 0.044444
1 0.302344 0.558796 0.020313 0.026852
1 0.317188 0.562037 0.027083 0.027778
1 0.304688 0.477778 0.029167 0.038889
1 0.306510 0.523148 0.015104 0.057407
1 0.280990 0.457870 0.031771 0.036111
1 0.302083 0.423611 0.023958 0.063889
1 0.326042 0.474537 0.027083 0.069444
1 0.322396 0.394907 0.010417 0.036111
1 0.328385 0.281944 0.028646 0.045370
1 0.427344 0.292593 0.023438 0.029630
1 0.835417 0.431481 0.040625 0.072222
1 0.861458 0.479167 0.038542 0.060185
1 0.903646 0.655093 0.021875 0.045370
1 0.825000 0.671759 0.003125 0.006481
1 0.801302 0.626852 0.030729 0.053704
1 0.798177 0.731944 0.020313 0.036111
1 0.781771 0.693981 0.035417 0.050926
1 0.374740 0.324074 0.033854 0.057407
1 0.336719 0.358796 0.028646 0.065741
1 0.345313 0.408796 0.038542 0.069444
1 0.438281 0.599537 0.042188 0.060185
1 0.450260 0.661111 0.035937 0.068519
1 0.440365 0.445370 0.029687 0.048148
1 0.464844 0.366204 0.031771 0.047222
1 0.519010 0.267130 0.026562 0.054630
1 0.378906 0.371296 0.029687 0.037037
1 0.276562 0.547685 0.027083 0.050926
1 0.821875 0.780556 0.028125 0.050000
1 0.210417 0.649537 0.031250 0.047222
1 0.292187 0.603241 0.021875 0.056481
1 0.367448 0.600000 0.035937 0.050000
1 0.414844 0.678241 0.034896 0.075000
